1033
2.023440 1.969253 3.420252 
0.000000 0.000000 0.000000 
0.000000 1.000000 
2.023440 -2.028088 3.441465 
0.000000 0.000000 0.000000 
0.000000 1.000000 
2.023440 -2.028088 3.441465 
0.000000 0.000000 0.000000 
0.000000 1.000000 
2.023440 1.969253 3.420252 
0.000000 0.000000 0.000000 
0.000000 1.000000 
1.931042 -2.185841 3.442276 
0.000060 0.000000 -1.000000 
0.000000 1.000000 
1.931042 -2.028088 3.442276 
0.000057 0.000038 -1.000000 
0.000000 1.000000 
0.000000 -2.028088 3.442276 
0.000000 0.000731 -1.000000 
0.000000 1.000000 
0.000000 -2.185841 3.442161 
0.000003 0.000694 -1.000000 
0.000000 1.000000 
2.023440 -2.797967 0.666678 
-0.275435 0.938738 -0.207140 
0.000000 1.000000 
2.023440 -2.185841 3.440768 
-0.009727 0.974392 -0.224645 
0.000000 1.000000 
1.931042 -2.185841 3.442276 
-0.003668 0.974385 -0.224855 
0.000000 1.000000 
1.931042 -2.797215 0.792946 
-0.271848 0.939706 -0.207489 
0.000000 1.000000 
2.023440 -2.185841 3.440768 
-0.016313 0.004414 -0.999857 
0.000000 1.000000 
2.023440 -2.028088 3.441465 
-0.011320 0.001489 -0.999935 
0.000000 1.000000 
1.931042 -2.028088 3.442276 
-0.008778 0.000000 -0.999961 
0.000000 1.000000 
1.931042 -2.185841 3.442276 
-0.013772 0.002925 -0.999901 
0.000000 1.000000 
2.023440 1.969253 3.548378 
0.883728 -0.001903 0.467997 
0.000000 1.000000 
2.023440 2.079303 3.548826 
0.883767 -0.000666 0.467927 
0.000000 1.000000 
2.814537 2.079303 2.047941 
0.884286 0.028177 0.466096 
0.000000 1.000000 
2.821498 1.969253 2.041387 
0.884278 0.026876 0.466187 
0.000000 1.000000 
2.023440 1.969253 3.420252 
-0.087956 0.006379 -0.996104 
0.000000 1.000000 
2.023440 2.079303 3.420957 
-0.087045 0.005608 -0.996189 
0.000000 1.000000 
1.931042 2.079303 3.428962 
-0.086311 0.004988 -0.996256 
0.000000 1.000000 
1.931042 1.969253 3.428411 
-0.087223 0.005759 -0.996172 
0.000000 1.000000 
2.821498 1.969253 2.041387 
0.986323 0.071238 -0.148634 
0.000000 1.000000 
2.814537 2.079303 2.047941 
0.566517 0.582056 -0.583325 
0.000000 1.000000 
2.352563 2.079303 1.934832 
0.165344 0.718752 -0.675320 
0.000000 1.000000 
2.804463 1.969253 1.928346 
0.531397 0.600589 -0.597420 
0.000000 1.000000 
2.804463 1.969253 1.928346 
-0.236469 -0.963721 -0.123793 
0.000000 1.000000 
2.352563 2.079303 1.934832 
-0.273061 -0.953020 -0.131108 
0.000000 1.000000 
2.023440 2.079303 3.420957 
-0.976343 0.001385 -0.216225 
0.000000 1.000000 
2.023440 1.969253 3.420252 
-0.960493 -0.163853 -0.224955 
0.000000 1.000000 
2.821498 1.969253 2.041387 
0.000000 0.000000 0.000000 
0.000000 1.000000 
2.804463 1.969253 1.928346 
0.000000 0.000000 0.000000 
0.000000 1.000000 
2.804463 1.969253 1.928346 
0.000000 0.000000 0.000000 
0.000000 1.000000 
2.821498 1.969253 2.041387 
0.000000 0.000000 0.000000 
0.000000 1.000000 
2.023440 2.079303 3.420957 
-0.048529 -0.826966 -0.560154 
0.000000 1.000000 
2.097853 2.768161 2.397536 
-0.088085 -0.821718 -0.563046 
0.000000 1.000000 
2.001145 2.768161 2.413044 
-0.090309 -0.821383 -0.563183 
0.000000 1.000000 
1.931042 2.079303 3.428962 
-0.050761 -0.826705 -0.560341 
0.000000 1.000000 
1.931042 1.969253 3.428411 
0.000000 0.000000 0.000000 
0.000000 1.000000 
0.000000 1.969253 3.442276 
0.000000 0.000000 0.000000 
0.000000 1.000000 
1.931042 1.969253 3.428411 
0.000000 0.000000 0.000000 
0.000000 1.000000 
0.000000 -2.028088 3.442276 
0.000000 0.000000 0.000000 
0.000000 1.000000 
1.931042 -2.028088 3.442276 
0.000000 0.000000 0.000000 
0.000000 1.000000 
1.931042 -2.028088 3.442276 
0.000000 0.000000 0.000000 
0.000000 1.000000 
2.001145 2.768161 2.413044 
0.920247 -0.129695 0.369222 
0.000000 1.000000 
1.995465 2.877734 2.465689 
0.920259 -0.129346 0.369313 
0.000000 1.000000 
2.541459 3.292802 1.248692 
0.920452 -0.123578 0.370805 
0.000000 1.000000 
2.541459 3.183643 1.212313 
0.920442 -0.123912 0.370719 
0.000000 1.000000 
1.931042 -2.028088 3.557721 
0.000000 0.001111 0.999999 
0.000000 1.000000 
1.931042 1.969253 3.553281 
0.052205 0.002316 0.998634 
0.000000 1.000000 
2.023440 1.969253 3.548378 
0.052983 0.002334 0.998593 
0.000000 1.000000 
2.023440 -2.028088 3.557721 
0.000780 0.001129 0.999999 
0.000000 1.000000 
1.931042 -2.900588 0.984592 
0.319060 -0.913160 0.253652 
0.000000 1.000000 
1.931042 -2.185841 3.557721 
0.007107 -0.966363 0.257085 
0.000000 1.000000 
2.023440 -2.185841 3.557721 
0.000000 -0.966448 0.256864 
0.000000 1.000000 
2.023440 -2.901340 0.865663 
0.304713 -0.917839 0.254403 
0.000000 1.000000 
0.000000 -2.185841 3.557721 
0.000000 0.000000 1.000000 
0.000000 1.000000 
0.000000 -2.028088 3.557721 
0.000000 0.000000 1.000000 
0.000000 1.000000 
1.931042 -2.028088 3.557721 
0.000000 0.000000 1.000000 
0.000000 1.000000 
1.931042 -2.185841 3.557721 
0.000000 0.000000 1.000000 
0.000000 1.000000 
2.023440 -2.185841 3.557721 
0.990306 0.000000 0.138900 
0.000000 1.000000 
2.023440 -2.028088 3.557721 
0.990306 0.000000 0.138900 
0.000000 1.000000 
2.338803 -1.714159 1.309291 
0.990306 0.000000 0.138900 
0.000000 1.000000 
1.931042 -2.185841 3.557721 
0.000000 0.000000 1.000000 
0.000000 1.000000 
1.931042 -2.028088 3.557721 
0.000000 0.000000 1.000000 
0.000000 1.000000 
2.023440 -2.028088 3.557721 
0.000000 0.000000 1.000000 
0.000000 1.000000 
2.023440 -2.185841 3.557721 
0.000000 0.000000 1.000000 
0.000000 1.000000 
0.000000 1.969253 3.557721 
0.002299 0.022766 0.999738 
0.000000 1.000000 
0.000000 2.097426 3.554802 
0.002294 0.022688 0.999740 
0.000000 1.000000 
1.931042 2.097426 3.550599 
0.002176 0.020920 0.999779 
0.000000 1.000000 
1.931042 1.969253 3.553281 
0.002182 0.020998 0.999777 
0.000000 1.000000 
1.931042 2.097426 3.550599 
0.167235 0.795661 0.582200 
0.000000 1.000000 
1.995465 2.877734 2.465689 
0.081791 0.803249 0.590001 
0.000000 1.000000 
2.091054 2.877734 2.453029 
0.078169 0.803439 0.590234 
0.000000 1.000000 
2.023440 2.079303 3.548826 
0.163119 0.796165 0.582678 
0.000000 1.000000 
1.931042 1.969253 3.553281 
0.052971 0.020891 0.998378 
0.000000 1.000000 
1.931042 2.097426 3.550599 
0.034095 0.007265 0.999392 
0.000000 1.000000 
2.023440 2.079303 3.548826 
0.018387 -0.004066 0.999823 
0.000000 1.000000 
2.023440 1.969253 3.548378 
0.039229 0.010970 0.999170 
0.000000 1.000000 
2.023440 2.079303 3.548826 
0.770195 0.491931 0.405960 
0.000000 1.000000 
2.091054 2.877734 2.453029 
0.663362 0.241807 0.708153 
0.000000 1.000000 
2.604024 2.890597 2.353085 
0.189593 -0.302179 0.934207 
0.000000 1.000000 
2.814537 2.079303 2.047941 
0.680330 0.270971 0.680974 
0.000000 1.000000 
2.023440 -2.901340 0.865663 
0.695190 -0.718826 -0.000266 
0.000000 1.000000 
2.673418 -2.272516 0.282018 
0.503834 -0.804976 0.313314 
0.000000 1.000000 
2.670720 -2.448966 0.127038 
-0.020342 -0.659608 0.751334 
0.000000 1.000000 
2.062218 -2.863422 -0.253294 
0.638432 -0.761533 0.111681 
0.000000 1.000000 
0.000000 1.969253 3.442276 
0.000000 0.000000 0.000000 
0.000000 1.000000 
1.931042 1.969253 3.428411 
0.000000 0.000000 0.000000 
0.000000 1.000000 
1.931042 1.969253 3.428411 
0.000000 0.000000 0.000000 
0.000000 1.000000 
2.814537 2.079303 2.047941 
0.218707 0.392727 -0.893271 
0.000000 1.000000 
2.604024 2.890597 2.353085 
0.225138 0.390430 -0.892680 
0.000000 1.000000 
2.355440 2.796825 2.248365 
0.229159 0.388982 -0.892289 
0.000000 1.000000 
2.352563 2.079303 1.934832 
0.220645 0.392037 -0.893097 
0.000000 1.000000 
2.338803 -1.714159 1.309291 
-0.989252 0.000646 -0.146222 
0.000000 1.000000 
2.023440 -2.028088 3.441465 
-0.989252 0.000646 -0.146222 
0.000000 1.000000 
2.023440 -2.185841 3.440768 
-0.989251 0.000646 -0.146222 
0.000000 1.000000 
2.352563 2.079303 1.934832 
-0.971651 0.097925 -0.215186 
0.000000 1.000000 
2.355440 2.796825 2.248365 
-0.860411 -0.288441 -0.420112 
0.000000 1.000000 
2.097853 2.768161 2.397536 
-0.232310 -0.798977 -0.554678 
0.000000 1.000000 
2.023440 2.079303 3.420957 
-0.922542 -0.152467 -0.354499 
0.000000 1.000000 
1.931042 -2.900588 0.984592 
-0.046714 -0.998458 -0.029984 
0.000000 1.000000 
2.023440 -2.901340 0.865663 
-0.044546 -0.998552 -0.030166 
0.000000 1.000000 
2.062218 -2.863422 -0.253294 
0.000000 -0.999426 -0.033868 
0.000000 1.000000 
1.931200 -2.863422 -0.253294 
-0.002451 -0.999430 -0.033666 
0.000000 1.000000 
2.023440 -2.028088 3.441465 
-0.008778 -0.005306 -0.999947 
0.000000 1.000000 
2.023440 1.969253 3.420252 
-0.086796 -0.003483 -0.996220 
0.000000 1.000000 
1.931042 1.969253 3.428411 
-0.087957 -0.003455 -0.996118 
0.000000 1.000000 
1.931042 -2.028088 3.442276 
-0.009948 -0.005279 -0.999937 
0.000000 1.000000 
1.931042 1.969253 3.553281 
0.000000 0.000000 0.000000 
0.000000 1.000000 
1.931042 -2.028088 3.557721 
0.000000 0.000000 0.000000 
0.000000 1.000000 
1.931042 -2.028088 3.557721 
0.000000 0.000000 0.000000 
0.000000 1.000000 
1.931042 1.969253 3.553281 
0.000000 0.000000 0.000000 
0.000000 1.000000 
1.931042 -2.028088 3.557721 
0.000000 0.000000 0.000000 
0.000000 1.000000 
0.000000 -2.028088 3.557721 
0.000000 0.000000 0.000000 
0.000000 1.000000 
1.931042 -2.028088 3.557721 
0.000000 0.000000 0.000000 
0.000000 1.000000 
0.000000 1.969253 3.557721 
0.000000 0.000000 0.000000 
0.000000 1.000000 
1.931042 1.969253 3.553281 
0.000000 0.000000 0.000000 
0.000000 1.000000 
1.931042 1.969253 3.553281 
0.000000 0.000000 0.000000 
0.000000 1.000000 
1.931042 -2.028088 3.557721 
0.000000 0.000000 0.000000 
0.000000 1.000000 
0.000000 -2.028088 3.557721 
0.000000 0.000000 0.000000 
0.000000 1.000000 
1.931042 -2.028088 3.557721 
0.000000 0.000000 0.000000 
0.000000 1.000000 
1.931042 1.969253 3.553281 
0.000000 0.000000 0.000000 
0.000000 1.000000 
1.931042 -2.028088 3.557721 
0.000000 0.000000 0.000000 
0.000000 1.000000 
1.931042 -2.028088 3.557721 
0.000000 0.000000 0.000000 
0.000000 1.000000 
1.931042 1.969253 3.553281 
0.000000 0.000000 0.000000 
0.000000 1.000000 
1.931042 -2.028088 3.442276 
0.000000 0.000000 0.000000 
0.000000 1.000000 
1.931042 1.969253 3.428411 
0.000000 0.000000 0.000000 
0.000000 1.000000 
1.931042 1.969253 3.428411 
0.000000 0.000000 0.000000 
0.000000 1.000000 
1.931042 -2.028088 3.442276 
0.000000 0.000000 0.000000 
0.000000 1.000000 
1.931042 -2.028088 3.557721 
0.000000 0.000000 0.000000 
0.000000 1.000000 
0.000000 -2.028088 3.557721 
0.000000 0.000000 0.000000 
0.000000 1.000000 
1.931042 -2.028088 3.557721 
0.000000 0.000000 0.000000 
0.000000 1.000000 
1.931042 -2.028088 3.442276 
0.000000 0.000000 0.000000 
0.000000 1.000000 
1.931042 1.969253 3.428411 
0.000000 0.000000 0.000000 
0.000000 1.000000 
1.931042 1.969253 3.428411 
0.000000 0.000000 0.000000 
0.000000 1.000000 
1.931042 -2.028088 3.442276 
0.000000 0.000000 0.000000 
0.000000 1.000000 
0.000000 1.969253 3.557721 
0.000000 0.000000 0.000000 
0.000000 1.000000 
1.931042 1.969253 3.553281 
0.000000 0.000000 0.000000 
0.000000 1.000000 
1.931042 1.969253 3.553281 
0.000000 0.000000 0.000000 
0.000000 1.000000 
1.931042 1.969253 3.428411 
0.000000 0.000000 0.000000 
0.000000 1.000000 
0.000000 1.969253 3.442276 
0.000000 0.000000 0.000000 
0.000000 1.000000 
1.931042 1.969253 3.428411 
0.000000 0.000000 0.000000 
0.000000 1.000000 
1.931042 -2.028088 3.442276 
0.000000 0.000000 0.000000 
0.000000 1.000000 
1.931042 1.969253 3.428411 
0.000000 0.000000 0.000000 
0.000000 1.000000 
1.931042 1.969253 3.428411 
0.000000 0.000000 0.000000 
0.000000 1.000000 
1.931042 -2.028088 3.442276 
0.000000 0.000000 0.000000 
0.000000 1.000000 
0.000000 -2.028088 3.442276 
0.000000 0.000000 0.000000 
0.000000 1.000000 
1.931042 -2.028088 3.442276 
0.000000 0.000000 0.000000 
0.000000 1.000000 
1.931042 -2.028088 3.442276 
0.000000 0.000000 0.000000 
0.000000 1.000000 
0.000000 -2.028088 3.442276 
0.000000 0.000000 0.000000 
0.000000 1.000000 
1.931042 -2.028088 3.442276 
0.000000 0.000000 0.000000 
0.000000 1.000000 
1.931042 -2.028088 3.442276 
0.000000 0.000000 0.000000 
0.000000 1.000000 
1.931042 1.969253 3.428411 
0.000000 0.000000 0.000000 
0.000000 1.000000 
0.000000 1.969253 3.442276 
0.000000 0.000000 0.000000 
0.000000 1.000000 
1.931042 1.969253 3.428411 
0.000000 0.000000 0.000000 
0.000000 1.000000 
1.931042 -2.028088 3.442276 
-1.000000 0.000000 0.000000 
0.000000 1.000000 
1.931042 1.969253 3.428411 
-1.000000 0.000000 0.000000 
0.000000 1.000000 
1.931042 1.969253 3.446401 
-1.000000 0.000000 0.000000 
0.000000 1.000000 
1.931042 -2.028088 3.458665 
-1.000000 0.000000 0.000000 
0.000000 1.000000 
1.931042 1.969253 3.428411 
0.000000 0.000000 0.000000 
0.000000 1.000000 
0.000000 1.969253 3.442276 
0.000000 0.000000 0.000000 
0.000000 1.000000 
1.931042 1.969253 3.428411 
0.000000 0.000000 0.000000 
0.000000 1.000000 
1.931042 -2.028088 3.442276 
0.000000 0.000000 0.000000 
0.000000 1.000000 
1.931042 1.969253 3.428411 
0.000000 0.000000 0.000000 
0.000000 1.000000 
1.931042 1.969253 3.428411 
0.000000 0.000000 0.000000 
0.000000 1.000000 
1.931042 -2.028088 3.442276 
0.000000 0.000000 0.000000 
0.000000 1.000000 
0.000000 -2.028088 3.442276 
0.000000 0.000000 0.000000 
0.000000 1.000000 
1.931042 -2.028088 3.442276 
0.000000 0.000000 0.000000 
0.000000 1.000000 
1.931042 -2.028088 3.442276 
0.000000 0.000000 0.000000 
0.000000 1.000000 
0.000000 -2.028088 3.442276 
0.000000 1.000000 0.000000 
0.000000 1.000000 
1.931042 -2.028088 3.442276 
0.000000 1.000000 0.000000 
0.000000 1.000000 
1.931042 -2.028088 3.458665 
0.000000 1.000000 0.000000 
0.000000 1.000000 
0.000000 -2.028088 3.458665 
0.000000 1.000000 0.000000 
0.000000 1.000000 
1.931042 1.969253 3.428411 
0.000000 -1.000000 0.000000 
0.000000 1.000000 
0.000000 1.969253 3.442276 
0.000000 -1.000000 0.000000 
0.000000 1.000000 
0.000000 1.969253 3.458665 
0.000000 -1.000000 0.000000 
0.000000 1.000000 
1.931042 1.969253 3.446401 
0.000000 -1.000000 0.000000 
0.000000 1.000000 
1.931042 -2.028088 3.557721 
0.000000 0.000000 0.000000 
0.000000 1.000000 
0.000000 -2.028088 3.557721 
0.000000 0.000000 0.000000 
0.000000 1.000000 
1.931042 -2.028088 3.557721 
0.000000 0.000000 0.000000 
0.000000 1.000000 
1.931042 1.969253 3.553281 
0.000000 0.000000 0.000000 
0.000000 1.000000 
1.931042 -2.028088 3.557721 
0.000000 0.000000 0.000000 
0.000000 1.000000 
1.931042 -2.028088 3.557721 
0.000000 0.000000 0.000000 
0.000000 1.000000 
1.931042 1.969253 3.553281 
0.000000 0.000000 0.000000 
0.000000 1.000000 
0.000000 1.969253 3.557721 
0.000000 0.000000 0.000000 
0.000000 1.000000 
1.931042 1.969253 3.553281 
0.000000 0.000000 0.000000 
0.000000 1.000000 
1.931042 1.969253 3.553281 
0.000000 0.000000 0.000000 
0.000000 1.000000 
1.931042 1.969253 3.553281 
-1.000000 0.000000 0.000000 
0.000000 1.000000 
1.931042 -2.028088 3.557721 
-1.000000 0.000000 0.000000 
0.000000 1.000000 
1.931042 -2.028088 3.516518 
-1.000000 0.000000 0.000000 
0.000000 1.000000 
1.931042 1.969253 3.509233 
-1.000000 0.000000 0.000000 
0.000000 1.000000 
1.931042 1.969253 3.553281 
0.000000 0.000000 0.000000 
0.000000 1.000000 
1.931042 -2.028088 3.557721 
0.000000 0.000000 0.000000 
0.000000 1.000000 
1.931042 -2.028088 3.557721 
0.000000 0.000000 0.000000 
0.000000 1.000000 
1.931042 1.969253 3.553281 
0.000000 0.000000 0.000000 
0.000000 1.000000 
0.000000 1.969253 3.557721 
0.000000 0.000000 0.000000 
0.000000 1.000000 
1.931042 1.969253 3.553281 
0.000000 0.000000 0.000000 
0.000000 1.000000 
1.931042 1.969253 3.553281 
0.000000 0.000000 0.000000 
0.000000 1.000000 
0.000000 1.969253 3.557721 
0.000000 -1.000000 0.000000 
0.000000 1.000000 
1.931042 1.969253 3.553281 
0.000000 -1.000000 0.000000 
0.000000 1.000000 
1.931042 1.969253 3.509233 
0.000000 -1.000000 0.000000 
0.000000 1.000000 
0.000000 1.969253 3.508994 
0.000000 -1.000000 0.000000 
0.000000 1.000000 
1.931042 -2.028088 3.557721 
0.000000 1.000000 0.000000 
0.000000 1.000000 
0.000000 -2.028088 3.557721 
0.000000 1.000000 0.000000 
0.000000 1.000000 
0.000000 -2.028088 3.508994 
0.000000 1.000000 0.000000 
0.000000 1.000000 
1.931042 -2.028088 3.516518 
0.000000 1.000000 0.000000 
0.000000 1.000000 
1.931042 1.969253 3.446401 
0.000000 -1.000000 0.000000 
0.000000 1.000000 
0.000000 1.969253 3.458665 
0.000000 -1.000000 0.000000 
0.000000 1.000000 
0.000000 1.969253 3.508994 
0.000000 -1.000000 0.000000 
0.000000 1.000000 
1.931042 1.969253 3.492995 
0.000000 -1.000000 0.000000 
0.000000 1.000000 
1.931042 -2.028088 3.458665 
-1.000000 0.000000 0.000000 
0.000000 1.000000 
1.931042 1.969253 3.446401 
-1.000000 0.000000 0.000000 
0.000000 1.000000 
1.931042 1.969253 3.492995 
-1.000000 0.000000 0.000000 
0.000000 1.000000 
1.931042 -2.028088 3.501469 
-1.000000 0.000000 0.000000 
0.000000 1.000000 
0.000000 -2.028088 3.458665 
0.000000 1.000000 0.000000 
0.000000 1.000000 
1.931042 -2.028088 3.458665 
0.000000 1.000000 0.000000 
0.000000 1.000000 
1.931042 -2.028088 3.501469 
0.000000 1.000000 0.000000 
0.000000 1.000000 
0.000000 -2.028088 3.508994 
0.000000 1.000000 0.000000 
0.000000 1.000000 
1.931042 1.969253 3.428411 
-0.007180 0.005006 -0.999962 
0.000000 1.000000 
1.931042 2.079303 3.428962 
-0.007170 0.004825 -0.999963 
0.000000 1.000000 
0.000000 2.079303 3.442276 
-0.006895 0.000000 -0.999976 
0.000000 1.000000 
0.000000 1.969253 3.442276 
-0.006905 0.000181 -0.999976 
0.000000 1.000000 
1.931042 1.969253 3.428411 
0.000000 0.000000 0.000000 
0.000000 1.000000 
1.931042 2.079303 3.428962 
0.000000 0.000000 0.000000 
0.000000 1.000000 
1.931042 2.079303 3.428962 
0.000000 0.000000 0.000000 
0.000000 1.000000 
1.931042 1.969253 3.428411 
0.000000 0.000000 0.000000 
0.000000 1.000000 
1.931042 2.079303 3.428962 
0.000000 0.000000 0.000000 
0.000000 1.000000 
0.000000 2.079303 3.442276 
0.000000 0.000000 0.000000 
0.000000 1.000000 
1.931042 2.079303 3.428962 
0.000000 0.000000 0.000000 
0.000000 1.000000 
1.931042 2.079303 3.428962 
0.000000 0.000000 0.000000 
0.000000 1.000000 
2.001145 2.768161 2.413044 
0.000000 0.000000 0.000000 
0.000000 1.000000 
2.001145 2.768161 2.413044 
0.000000 0.000000 0.000000 
0.000000 1.000000 
1.931042 2.079303 3.428962 
0.000000 0.000000 0.000000 
0.000000 1.000000 
2.001145 2.768161 2.413044 
0.000000 0.000000 0.000000 
0.000000 1.000000 
0.000000 2.768161 2.463386 
0.000000 0.000000 0.000000 
0.000000 1.000000 
2.001145 2.768161 2.413044 
0.000000 0.000000 0.000000 
0.000000 1.000000 
0.000000 2.079303 3.442276 
0.000000 0.000000 0.000000 
0.000000 1.000000 
1.931042 2.079303 3.428962 
0.000000 0.000000 0.000000 
0.000000 1.000000 
1.931042 2.079303 3.428962 
0.000000 0.000000 0.000000 
0.000000 1.000000 
1.931042 2.061179 3.432002 
-0.998399 0.035280 -0.044210 
0.000000 1.000000 
2.001145 2.768161 2.413044 
-0.989134 -0.081443 -0.122397 
0.000000 1.000000 
1.998771 2.780460 2.423880 
-0.988966 -0.082462 -0.123074 
0.000000 1.000000 
1.931042 2.073473 3.441813 
-0.998404 0.034248 -0.044907 
0.000000 1.000000 
0.000000 2.079303 3.442276 
0.006807 0.159020 0.987252 
0.000000 1.000000 
1.931042 2.079303 3.428962 
0.006738 0.165402 0.986203 
0.000000 1.000000 
1.931042 2.061179 3.432002 
0.006738 0.165441 0.986197 
0.000000 1.000000 
0.000000 2.061179 3.445195 
0.006807 0.159059 0.987246 
0.000000 1.000000 
2.001145 2.768161 2.413044 
0.000000 0.000000 0.000000 
0.000000 1.000000 
0.000000 2.768161 2.463386 
0.000000 0.000000 0.000000 
0.000000 1.000000 
2.001145 2.768161 2.413044 
0.000000 0.000000 0.000000 
0.000000 1.000000 
1.931042 2.079303 3.428962 
0.996898 0.013021 0.077619 
0.000000 1.000000 
2.001145 2.768161 2.413044 
0.996898 0.013021 0.077619 
0.000000 1.000000 
2.001145 2.768161 2.413044 
0.000000 0.000000 0.000000 
0.000000 1.000000 
1.931042 2.061179 3.432002 
0.996898 0.013021 0.077619 
0.000000 1.000000 
0.000000 2.061179 3.445195 
-0.005544 0.584350 -0.811483 
0.000000 1.000000 
1.931042 2.061179 3.432002 
-0.004955 0.623550 -0.781768 
0.000000 1.000000 
1.931042 2.073473 3.441813 
-0.004952 0.623744 -0.781613 
0.000000 1.000000 
0.000000 2.073473 3.454048 
-0.005541 0.584558 -0.811333 
0.000000 1.000000 
2.001145 2.768161 2.413044 
0.018917 -0.658912 0.751982 
0.000000 1.000000 
0.000000 2.768161 2.463386 
0.019629 -0.584518 0.811144 
0.000000 1.000000 
0.000000 2.780460 2.472239 
0.019632 -0.584117 0.811432 
0.000000 1.000000 
1.998771 2.780460 2.423880 
0.018921 -0.658598 0.752257 
0.000000 1.000000 
1.931042 2.097426 3.550599 
0.000000 0.000000 0.000000 
0.000000 1.000000 
1.995465 2.877734 2.465689 
0.000000 0.000000 0.000000 
0.000000 1.000000 
1.995465 2.877734 2.465689 
0.000000 0.000000 0.000000 
0.000000 1.000000 
1.931042 2.097426 3.550599 
0.000000 0.000000 0.000000 
0.000000 1.000000 
2.338803 -1.714159 1.309291 
0.000000 0.000000 0.000000 
0.000000 1.000000 
2.804463 1.969253 1.928346 
0.000000 0.000000 0.000000 
0.000000 1.000000 
2.804463 1.969253 1.928346 
0.000000 0.000000 0.000000 
0.000000 1.000000 
2.023440 -2.028088 3.441465 
0.000000 0.000000 0.000000 
0.000000 1.000000 
2.338803 -1.714159 1.309291 
0.000000 0.000000 0.000000 
0.000000 1.000000 
2.023440 -2.028088 3.441465 
0.000000 0.000000 0.000000 
0.000000 1.000000 
2.804463 1.969253 1.928346 
0.000000 0.000000 0.000000 
0.000000 1.000000 
2.023440 1.969253 3.420252 
0.000000 0.000000 0.000000 
0.000000 1.000000 
2.023440 1.969253 3.420252 
0.000000 0.000000 0.000000 
0.000000 1.000000 
2.804463 1.969253 1.928346 
0.000000 0.000000 0.000000 
0.000000 1.000000 
1.995465 2.877734 2.465689 
0.997281 0.017272 0.071642 
0.000000 1.000000 
2.001145 2.768161 2.413044 
0.997323 0.016550 0.071219 
0.000000 1.000000 
1.931042 1.969253 3.553281 
0.998058 0.001303 0.062274 
0.000000 1.000000 
1.931042 2.097426 3.550599 
0.998033 0.001958 0.062659 
0.000000 1.000000 
1.931042 -2.185841 3.442276 
1.000000 0.000000 0.000000 
0.000000 1.000000 
1.931042 -2.185841 3.557721 
1.000000 0.000000 0.000000 
0.000000 1.000000 
1.931042 2.097426 3.550599 
1.000000 0.000000 0.000000 
0.000000 1.000000 
1.931042 2.079303 3.428962 
1.000000 0.000000 0.000000 
0.000000 1.000000 
1.931042 -2.185841 3.557721 
1.000000 0.000000 0.000000 
0.000000 1.000000 
1.931042 -2.185841 3.442276 
1.000000 0.000000 0.000000 
0.000000 1.000000 
1.931042 -2.797215 0.792946 
1.000000 0.000000 0.000000 
0.000000 1.000000 
1.931042 -2.900588 0.984592 
1.000000 0.000000 0.000000 
0.000000 1.000000 
2.023440 -2.185841 3.557721 
-1.000000 0.000000 0.000000 
0.000000 1.000000 
2.023440 -2.901340 0.865663 
-1.000000 0.000000 0.000000 
0.000000 1.000000 
2.023440 -2.797967 0.666678 
-1.000000 0.000000 0.000000 
0.000000 1.000000 
2.023440 -2.185841 3.440768 
-1.000000 0.000000 0.000000 
0.000000 1.000000 
2.023440 2.079303 3.420957 
-1.000000 0.000000 0.000000 
0.000000 1.000000 
2.023440 2.079303 3.548826 
-1.000000 0.000000 0.000000 
0.000000 1.000000 
2.023440 -2.185841 3.557721 
-1.000000 0.000000 0.000000 
0.000000 1.000000 
2.023440 -2.185841 3.440768 
-1.000000 0.000000 0.000000 
0.000000 1.000000 
2.097853 2.768161 2.397536 
-0.996201 -0.018741 -0.085049 
0.000000 1.000000 
2.091054 2.877734 2.453029 
-0.996573 -0.014362 -0.081463 
0.000000 1.000000 
2.023440 2.079303 3.548826 
-0.996433 0.084383 0.000000 
0.000000 1.000000 
2.023440 2.079303 3.420957 
-0.996752 0.080468 -0.003251 
0.000000 1.000000 
0.000000 -2.028088 3.557721 
0.000000 1.000000 0.000000 
0.000000 1.000000 
0.000000 -2.028088 3.442276 
0.000000 1.000000 0.000000 
0.000000 1.000000 
2.023440 -2.028088 3.441465 
0.000000 1.000000 0.000000 
0.000000 1.000000 
2.023440 -2.028088 3.557721 
0.000000 1.000000 0.000000 
0.000000 1.000000 
0.000000 -2.185841 3.442161 
0.000000 1.000000 0.000000 
0.000000 1.000000 
2.023440 -2.185841 3.440768 
0.000000 1.000000 0.000000 
0.000000 1.000000 
2.023440 -2.185841 3.557721 
0.000000 1.000000 0.000000 
0.000000 1.000000 
0.000000 -2.185841 3.557721 
0.000000 1.000000 0.000000 
0.000000 1.000000 
2.023440 -2.185841 3.557721 
-0.831310 0.555809 0.000000 
0.000000 1.000000 
2.023440 -2.185841 3.440768 
-0.831310 0.555809 0.000000 
0.000000 1.000000 
2.338803 -1.714159 1.309291 
-0.831310 0.555809 0.000000 
0.000000 1.000000 
2.023440 -2.028088 3.557721 
-0.705494 0.708716 0.000000 
0.000000 1.000000 
2.023440 -2.028088 3.441465 
-0.705494 0.708716 0.000000 
0.000000 1.000000 
2.338803 -1.714159 1.309291 
-0.705494 0.708716 0.000000 
0.000000 1.000000 
2.023440 1.969253 3.548378 
0.000000 1.000000 0.000000 
0.000000 1.000000 
0.000000 1.969253 3.557721 
0.000000 1.000000 0.000000 
0.000000 1.000000 
0.000000 1.969253 3.442276 
0.000000 1.000000 0.000000 
0.000000 1.000000 
2.023440 1.969253 3.420252 
0.000000 1.000000 0.000000 
0.000000 1.000000 
2.023440 1.969253 3.420252 
0.000000 -1.000000 0.000000 
0.000000 1.000000 
2.023440 1.969253 3.548378 
0.000000 -1.000000 0.000000 
0.000000 1.000000 
2.821498 1.969253 2.041387 
0.000000 -1.000000 0.000000 
0.000000 1.000000 
2.804463 1.969253 1.928346 
0.000000 -1.000000 0.000000 
0.000000 1.000000 
2.023440 2.079303 3.548826 
0.000000 -1.000000 0.000000 
0.000000 1.000000 
2.814537 2.079303 2.047941 
0.000000 -1.000000 0.000000 
0.000000 1.000000 
2.352563 2.079303 1.934832 
0.000000 -1.000000 0.000000 
0.000000 1.000000 
2.023440 2.079303 3.420957 
0.000000 -1.000000 0.000000 
0.000000 1.000000 
0.000000 2.097426 3.554802 
-0.008373 -0.987243 0.159003 
0.000000 1.000000 
2.023440 2.079303 3.548826 
-0.000299 -0.999984 0.005686 
0.000000 1.000000 
2.023440 2.079303 3.420957 
0.000000 -1.000000 0.000000 
0.000000 1.000000 
0.000000 2.079303 3.442276 
-0.008042 -0.988235 0.152731 
0.000000 1.000000 
0.000000 -2.898281 0.995929 
-0.001358 -0.999610 -0.027894 
0.000000 1.000000 
1.931042 -2.900588 0.984592 
-0.000496 -0.999572 -0.029237 
0.000000 1.000000 
1.931200 -2.863422 -0.253294 
0.000000 -0.999550 -0.030011 
0.000000 1.000000 
0.000000 -2.863422 -0.253294 
-0.000865 -0.999589 -0.028662 
0.000000 1.000000 
0.000000 -2.794883 0.948288 
-1.000000 0.000000 0.000000 
0.000000 1.000000 
0.000000 -2.898281 0.995929 
-1.000000 0.000000 0.000000 
0.000000 1.000000 
0.000000 -2.863422 -0.253294 
-1.000000 0.000000 0.000000 
0.000000 1.000000 
1.931042 -2.797215 0.792946 
-1.000000 -0.000250 -0.000135 
0.000000 1.000000 
1.931042 -2.900588 0.984592 
-1.000000 -0.000250 -0.000135 
0.000000 1.000000 
1.931200 -2.863422 -0.253294 
-1.000000 -0.000250 -0.000135 
0.000000 1.000000 
2.023440 -2.797967 0.666678 
-0.093858 0.992787 -0.074592 
0.000000 1.000000 
1.931042 -2.797215 0.792946 
-0.075513 0.994513 -0.072401 
0.000000 1.000000 
1.931200 -2.863422 -0.253294 
0.000000 0.998004 -0.063154 
0.000000 1.000000 
2.062218 -2.863422 -0.253294 
-0.005085 0.997950 -0.063788 
0.000000 1.000000 
2.062218 -2.863422 -0.253294 
0.678807 -0.544614 -0.492561 
0.000000 1.000000 
2.670720 -2.448966 0.127038 
0.678807 -0.544614 -0.492561 
0.000000 1.000000 
2.486188 -2.374969 -0.209085 
0.678807 -0.544614 -0.492561 
0.000000 1.000000 
2.673418 -2.272516 0.282018 
0.844711 0.345855 -0.408470 
0.000000 1.000000 
2.219725 -1.668672 -0.144932 
0.848074 0.352180 -0.395903 
0.000000 1.000000 
2.486188 -2.374969 -0.209085 
0.850014 0.355951 -0.388298 
0.000000 1.000000 
2.670720 -2.448966 0.127038 
0.847098 0.350317 -0.399629 
0.000000 1.000000 
2.023440 -2.797967 0.666678 
-0.996782 -0.071136 -0.036955 
0.000000 1.000000 
2.023440 -2.901340 0.865663 
-0.996782 -0.071136 -0.036955 
0.000000 1.000000 
2.062218 -2.863422 -0.253294 
-0.996782 -0.071136 -0.036955 
0.000000 1.000000 
2.219725 -1.668672 -0.144932 
-0.799893 -0.252314 -0.544527 
0.000000 1.000000 
2.023440 -2.797967 0.666678 
-0.899005 0.270621 -0.344318 
0.000000 1.000000 
2.062218 -2.863422 -0.253294 
-0.749351 0.657519 -0.078368 
0.000000 1.000000 
2.486188 -2.374969 -0.209085 
-0.898898 0.100320 -0.426518 
0.000000 1.000000 
2.338803 -1.714159 1.309291 
0.814753 0.577764 -0.048643 
0.000000 1.000000 
2.219725 -1.668672 -0.144932 
0.814753 0.577764 -0.048643 
0.000000 1.000000 
2.673418 -2.272516 0.282018 
0.814753 0.577764 -0.048643 
0.000000 1.000000 
2.541459 3.292802 1.248692 
0.000002 0.995761 -0.091979 
0.000000 1.000000 
0.000000 3.292807 1.248692 
0.000013 0.995763 -0.091962 
0.000000 1.000000 
0.000000 3.140657 -0.398968 
0.000019 0.995763 -0.091952 
0.000000 1.000000 
2.594899 3.140657 -0.398428 
0.000008 0.995762 -0.091969 
0.000000 1.000000 
0.000000 2.768161 2.463386 
-0.007929 -0.949003 -0.315168 
0.000000 1.000000 
2.001145 2.768161 2.413044 
-0.002342 -0.946220 -0.323515 
0.000000 1.000000 
2.541459 3.183643 1.212313 
-0.000002 -0.945024 -0.327002 
0.000000 1.000000 
0.000000 3.183648 1.212312 
-0.005074 -0.947594 -0.319438 
0.000000 1.000000 
1.995465 2.877734 2.465689 
0.005546 0.945689 0.325024 
0.000000 1.000000 
0.000000 2.877734 2.499739 
0.001650 0.948117 0.317916 
0.000000 1.000000 
0.000000 3.292807 1.248692 
0.000002 0.949125 0.314901 
0.000000 1.000000 
2.541459 3.292802 1.248692 
0.003278 0.947112 0.320887 
0.000000 1.000000 
0.000000 2.877734 2.499739 
-1.000000 0.000000 0.000000 
0.000000 1.000000 
0.000000 2.768161 2.463386 
-1.000000 0.000000 0.000000 
0.000000 1.000000 
0.000000 3.183648 1.212312 
-1.000000 0.000000 0.000000 
0.000000 1.000000 
0.000000 3.292807 1.248692 
-1.000000 0.000000 0.000000 
0.000000 1.000000 
2.594899 3.140657 -0.398428 
0.000204 -0.192988 -0.981201 
0.000000 1.000000 
0.000000 3.140657 -0.398968 
0.003974 -0.109486 -0.993980 
0.000000 1.000000 
0.000000 3.025876 -0.386612 
0.004084 -0.107034 -0.994247 
0.000000 1.000000 
2.620727 3.025876 -0.375847 
0.000331 -0.190214 -0.981743 
0.000000 1.000000 
0.000000 3.292807 1.248692 
-1.000000 0.000000 0.000000 
0.000000 1.000000 
0.000000 3.183648 1.212312 
-1.000000 0.000000 0.000000 
0.000000 1.000000 
0.000000 3.025876 -0.386612 
-1.000000 0.000000 0.000000 
0.000000 1.000000 
0.000000 3.140657 -0.398968 
-1.000000 0.000000 0.000000 
0.000000 1.000000 
2.541459 3.183643 1.212313 
0.998523 -0.017178 0.051544 
0.000000 1.000000 
2.541459 3.292802 1.248692 
0.998791 -0.002262 0.049106 
0.000000 1.000000 
2.594899 3.140657 -0.398428 
0.975072 0.221606 0.011166 
0.000000 1.000000 
2.620727 3.025876 -0.375847 
0.977048 0.212636 0.012736 
0.000000 1.000000 
0.000000 3.183648 1.212312 
-0.000002 -0.995167 0.098197 
0.000000 1.000000 
2.541459 3.183643 1.212313 
-0.000265 -0.995126 0.098612 
0.000000 1.000000 
2.620727 3.025876 -0.375847 
-0.000406 -0.995104 0.098833 
0.000000 1.000000 
0.000000 3.025876 -0.386612 
-0.000146 -0.995145 0.098424 
0.000000 1.000000 
2.804463 1.969253 1.928346 
0.000000 0.000000 0.000000 
0.000000 1.000000 
2.338803 -1.714159 1.309291 
0.000000 0.000000 0.000000 
0.000000 1.000000 
2.804463 1.969253 1.928346 
0.000000 0.000000 0.000000 
0.000000 1.000000 
2.804463 1.969253 1.928346 
0.000000 0.000000 0.000000 
0.000000 1.000000 
2.338803 -1.714159 1.309291 
0.000000 0.000000 0.000000 
0.000000 1.000000 
2.804463 1.969253 1.928346 
0.000000 0.000000 0.000000 
0.000000 1.000000 
2.821498 1.969253 2.041387 
0.000000 0.000000 0.000000 
0.000000 1.000000 
2.804463 1.969253 1.928346 
0.000000 0.000000 0.000000 
0.000000 1.000000 
2.804463 1.969253 1.928346 
0.000000 0.000000 0.000000 
0.000000 1.000000 
2.821498 1.969253 2.041387 
0.000000 0.000000 0.000000 
0.000000 1.000000 
2.435813 -1.658608 -0.274397 
0.013871 0.106895 -0.994174 
0.000000 1.000000 
2.879682 2.089438 0.134793 
0.793112 -0.082909 -0.603406 
0.000000 1.000000 
2.542592 2.201955 -0.358701 
0.812779 -0.089673 -0.575629 
0.000000 1.000000 
2.174125 -1.656763 -0.277850 
0.099044 0.090500 -0.990959 
0.000000 1.000000 
2.821498 1.969253 2.041387 
-0.328149 0.943331 0.049451 
0.000000 1.000000 
2.804463 1.969253 1.928346 
-0.302410 0.951807 0.051098 
0.000000 1.000000 
2.542592 2.201955 -0.358701 
0.216175 0.973523 0.074302 
0.000000 1.000000 
2.879682 2.089438 0.134793 
0.213710 0.974072 0.074235 
0.000000 1.000000 
2.804463 1.969253 1.928346 
-0.986871 0.103992 0.123580 
0.000000 1.000000 
2.338803 -1.714159 1.309291 
-0.990910 0.092978 0.097229 
0.000000 1.000000 
2.219725 -1.668672 -0.144932 
-0.975112 0.092468 0.201512 
0.000000 1.000000 
2.174125 -1.656763 -0.277850 
-0.938775 0.096573 0.330718 
0.000000 1.000000 
2.542592 2.201955 -0.358701 
-0.987808 0.099938 0.119364 
0.000000 1.000000 
2.604024 2.890597 2.353085 
0.042637 0.939547 0.339755 
0.000000 1.000000 
2.091054 2.877734 2.453029 
0.042637 0.939547 0.339755 
0.000000 1.000000 
2.541459 3.292802 1.248692 
0.042637 0.939547 0.339755 
0.000000 1.000000 
2.097853 2.768161 2.397536 
0.942877 -0.102095 0.317111 
0.000000 1.000000 
2.091054 2.877734 2.453029 
0.942873 -0.102293 0.317061 
0.000000 1.000000 
2.541459 3.292802 1.248692 
0.942797 -0.105402 0.316266 
0.000000 1.000000 
2.541459 3.183643 1.212313 
0.942802 -0.105214 0.316314 
0.000000 1.000000 
2.001145 2.768161 2.413044 
-0.055944 -0.935497 -0.348879 
0.000000 1.000000 
2.097853 2.768161 2.397536 
-0.055944 -0.935497 -0.348878 
0.000000 1.000000 
2.541459 3.183643 1.212313 
-0.055944 -0.935497 -0.348879 
0.000000 1.000000 
2.091054 2.877734 2.453029 
0.045100 0.939148 0.340539 
0.000000 1.000000 
1.995465 2.877734 2.465689 
0.045100 0.939148 0.340539 
0.000000 1.000000 
2.541459 3.292802 1.248692 
0.045100 0.939148 0.340539 
0.000000 1.000000 
2.097853 2.768161 2.397536 
-0.108305 -0.924795 -0.364725 
0.000000 1.000000 
2.355440 2.796825 2.248365 
-0.108305 -0.924795 -0.364725 
0.000000 1.000000 
2.541459 3.183643 1.212313 
-0.108305 -0.924795 -0.364725 
0.000000 1.000000 
2.355440 2.796825 2.248365 
0.431264 -0.867872 -0.246595 
0.000000 1.000000 
2.604024 2.890597 2.353085 
0.491836 -0.836428 -0.241839 
0.000000 1.000000 
2.541459 3.292802 1.248692 
0.998585 0.016813 -0.050448 
0.000000 1.000000 
2.541459 3.183643 1.212313 
0.989824 -0.114989 -0.083825 
0.000000 1.000000 
0.000000 -2.863422 -0.253294 
0.000000 0.022631 0.999744 
0.000000 1.000000 
0.000000 3.025876 -0.386612 
-0.003278 0.021557 0.999762 
0.000000 1.000000 
2.620727 3.025876 -0.375847 
-0.004045 0.021278 0.999765 
0.000000 1.000000 
2.542592 2.201955 -0.358701 
-0.000042 0.020810 0.999783 
0.000000 1.000000 
2.174125 -1.656763 -0.277850 
-0.005699 0.021492 0.999753 
0.000000 1.000000 
1.931200 -2.863422 -0.253294 
-0.001259 0.022248 0.999752 
0.000000 1.000000 
2.541459 3.292802 1.248692 
-0.981388 -0.191513 -0.014150 
0.000000 1.000000 
2.604024 2.890597 2.353085 
-0.971677 -0.235613 -0.018190 
0.000000 1.000000 
2.814537 2.079303 2.047941 
-0.989054 -0.145284 0.025768 
0.000000 1.000000 
2.821498 1.969253 2.041387 
-0.991931 -0.122292 0.033411 
0.000000 1.000000 
2.879682 2.089438 0.134793 
-0.957852 -0.283377 -0.047094 
0.000000 1.000000 
2.594899 3.140657 -0.398428 
-0.967143 -0.252320 -0.031121 
0.000000 1.000000 
2.338803 -1.714159 1.309291 
-0.026506 0.999090 0.033421 
0.000000 1.000000 
2.219725 -1.668672 -0.144932 
-0.013527 0.998393 0.055030 
0.000000 1.000000 
2.174125 -1.656763 -0.277850 
0.005872 0.996170 0.087237 
0.000000 1.000000 
2.435813 -1.658608 -0.274397 
-0.014725 0.998484 0.053038 
0.000000 1.000000 
2.338803 -1.714159 1.309291 
0.026506 -0.999090 -0.033421 
0.000000 1.000000 
2.435813 -1.658608 -0.274397 
0.026506 -0.999090 -0.033421 
0.000000 1.000000 
2.219725 -1.668672 -0.144932 
0.026506 -0.999090 -0.033421 
0.000000 1.000000 
2.435813 -1.658608 -0.274397 
-0.005872 -0.996170 -0.087237 
0.000000 1.000000 
2.174125 -1.656763 -0.277850 
-0.005872 -0.996170 -0.087237 
0.000000 1.000000 
2.219725 -1.668672 -0.144932 
-0.005872 -0.996170 -0.087237 
0.000000 1.000000 
2.879682 2.089438 0.134793 
-0.816257 0.069753 0.573462 
0.000000 1.000000 
2.542592 2.201955 -0.358701 
-0.816257 0.069753 0.573462 
0.000000 1.000000 
2.594899 3.140657 -0.398428 
-0.816257 0.069753 0.573462 
0.000000 1.000000 
1.931200 -2.863422 -0.253294 
0.000000 0.020346 0.999793 
0.000000 1.000000 
2.174125 -1.656763 -0.277850 
-0.915526 0.092872 0.391390 
0.000000 1.000000 
2.219725 -1.668672 -0.144932 
-0.939102 0.093821 0.330583 
0.000000 1.000000 
2.062218 -2.863422 -0.253294 
-0.064149 0.026250 0.997595 
0.000000 1.000000 
1.931042 -2.797215 0.792946 
-0.003875 0.997996 -0.063154 
0.000000 1.000000 
0.000000 -2.794883 0.948288 
-0.001240 0.998261 -0.058934 
0.000000 1.000000 
0.000000 -2.863422 -0.253294 
0.000000 0.998377 -0.056947 
0.000000 1.000000 
1.931200 -2.863422 -0.253294 
-0.002500 0.998137 -0.060952 
0.000000 1.000000 
-2.023440 1.969253 3.420252 
0.000000 0.000000 0.000000 
0.000000 1.000000 
-2.023440 1.969253 3.420252 
0.000000 0.000000 0.000000 
0.000000 1.000000 
-2.023440 -2.028088 3.441465 
0.000000 0.000000 0.000000 
0.000000 1.000000 
-2.023440 -2.028088 3.441465 
0.000000 0.000000 0.000000 
0.000000 1.000000 
-1.931042 -2.185841 3.442276 
-0.000060 0.000000 -1.000000 
0.000000 1.000000 
0.000000 -2.185841 3.442161 
-0.000003 0.000694 -1.000000 
0.000000 1.000000 
0.000000 -2.028088 3.442276 
0.000000 0.000731 -1.000000 
0.000000 1.000000 
-1.931042 -2.028088 3.442276 
-0.000057 0.000038 -1.000000 
0.000000 1.000000 
-2.023440 -2.797967 0.666678 
0.275435 0.938738 -0.207140 
0.000000 1.000000 
-1.931042 -2.797215 0.792946 
0.271847 0.939706 -0.207489 
0.000000 1.000000 
-1.931042 -2.185841 3.442276 
0.003669 0.974385 -0.224855 
0.000000 1.000000 
-2.023440 -2.185841 3.440768 
0.009728 0.974392 -0.224645 
0.000000 1.000000 
-2.023440 -2.185841 3.440768 
0.016313 0.004414 -0.999857 
0.000000 1.000000 
-1.931042 -2.185841 3.442276 
0.013772 0.002925 -0.999901 
0.000000 1.000000 
-1.931042 -2.028088 3.442276 
0.008778 0.000000 -0.999961 
0.000000 1.000000 
-2.023440 -2.028088 3.441465 
0.011320 0.001489 -0.999935 
0.000000 1.000000 
-2.023440 1.969253 3.548378 
-0.883728 -0.001903 0.467997 
0.000000 1.000000 
-2.821498 1.969253 2.041387 
-0.884278 0.026876 0.466187 
0.000000 1.000000 
-2.814537 2.079303 2.047941 
-0.884286 0.028177 0.466096 
0.000000 1.000000 
-2.023440 2.079303 3.548826 
-0.883767 -0.000666 0.467927 
0.000000 1.000000 
-2.023440 1.969253 3.420252 
0.087956 0.006379 -0.996104 
0.000000 1.000000 
-1.931042 1.969253 3.428411 
0.087223 0.005759 -0.996172 
0.000000 1.000000 
-1.931042 2.079303 3.428962 
0.086311 0.004988 -0.996256 
0.000000 1.000000 
-2.023440 2.079303 3.420957 
0.087045 0.005608 -0.996189 
0.000000 1.000000 
-2.821498 1.969253 2.041387 
-0.986323 0.071238 -0.148634 
0.000000 1.000000 
-2.804463 1.969253 1.928346 
-0.531397 0.600589 -0.597420 
0.000000 1.000000 
-2.352563 2.079303 1.934832 
-0.165344 0.718752 -0.675320 
0.000000 1.000000 
-2.814537 2.079303 2.047941 
-0.566517 0.582056 -0.583325 
0.000000 1.000000 
-2.804463 1.969253 1.928346 
0.236469 -0.963721 -0.123793 
0.000000 1.000000 
-2.023440 1.969253 3.420252 
0.960493 -0.163853 -0.224955 
0.000000 1.000000 
-2.023440 2.079303 3.420957 
0.976343 0.001385 -0.216225 
0.000000 1.000000 
-2.352563 2.079303 1.934832 
0.273061 -0.953020 -0.131108 
0.000000 1.000000 
-2.821498 1.969253 2.041387 
0.000000 0.000000 0.000000 
0.000000 1.000000 
-2.821498 1.969253 2.041387 
0.000000 0.000000 0.000000 
0.000000 1.000000 
-2.804463 1.969253 1.928346 
0.000000 0.000000 0.000000 
0.000000 1.000000 
-2.804463 1.969253 1.928346 
0.000000 0.000000 0.000000 
0.000000 1.000000 
-2.023440 2.079303 3.420957 
0.048530 -0.826966 -0.560154 
0.000000 1.000000 
-1.931042 2.079303 3.428962 
0.050761 -0.826705 -0.560341 
0.000000 1.000000 
-2.001145 2.768161 2.413044 
0.090309 -0.821383 -0.563183 
0.000000 1.000000 
-2.097853 2.768161 2.397536 
0.088086 -0.821718 -0.563046 
0.000000 1.000000 
-1.931042 1.969253 3.428411 
0.000000 0.000000 0.000000 
0.000000 1.000000 
-1.931042 1.969253 3.428411 
0.000000 0.000000 0.000000 
0.000000 1.000000 
0.000000 1.969253 3.442276 
0.000000 0.000000 0.000000 
0.000000 1.000000 
0.000000 -2.028088 3.442276 
0.000000 0.000000 0.000000 
0.000000 1.000000 
-1.931042 -2.028088 3.442276 
0.000000 0.000000 0.000000 
0.000000 1.000000 
-1.931042 -2.028088 3.442276 
0.000000 0.000000 0.000000 
0.000000 1.000000 
-2.001145 2.768161 2.413044 
-0.920247 -0.129695 0.369222 
0.000000 1.000000 
-2.541459 3.183643 1.212313 
-0.920442 -0.123912 0.370719 
0.000000 1.000000 
-2.541459 3.292802 1.248692 
-0.920452 -0.123578 0.370805 
0.000000 1.000000 
-1.995465 2.877734 2.465689 
-0.920259 -0.129346 0.369313 
0.000000 1.000000 
-1.931042 -2.028088 3.557721 
0.000000 0.001111 0.999999 
0.000000 1.000000 
-2.023440 -2.028088 3.557721 
-0.000780 0.001129 0.999999 
0.000000 1.000000 
-2.023440 1.969253 3.548378 
-0.052983 0.002334 0.998593 
0.000000 1.000000 
-1.931042 1.969253 3.553281 
-0.052205 0.002316 0.998634 
0.000000 1.000000 
-1.931042 -2.900588 0.984592 
-0.319060 -0.913160 0.253652 
0.000000 1.000000 
-2.023440 -2.901340 0.865663 
-0.304713 -0.917839 0.254403 
0.000000 1.000000 
-2.023440 -2.185841 3.557721 
0.000000 -0.966448 0.256864 
0.000000 1.000000 
-1.931042 -2.185841 3.557721 
-0.007107 -0.966363 0.257085 
0.000000 1.000000 
0.000000 -2.185841 3.557721 
0.000000 0.000000 1.000000 
0.000000 1.000000 
-1.931042 -2.185841 3.557721 
0.000000 0.000000 1.000000 
0.000000 1.000000 
-1.931042 -2.028088 3.557721 
0.000000 0.000000 1.000000 
0.000000 1.000000 
0.000000 -2.028088 3.557721 
0.000000 0.000000 1.000000 
0.000000 1.000000 
-2.023440 -2.185841 3.557721 
-0.990306 0.000000 0.138900 
0.000000 1.000000 
-2.338803 -1.714159 1.309291 
-0.990306 0.000000 0.138900 
0.000000 1.000000 
-2.023440 -2.028088 3.557721 
-0.990306 0.000000 0.138900 
0.000000 1.000000 
-1.931042 -2.185841 3.557721 
0.000000 0.000000 1.000000 
0.000000 1.000000 
-2.023440 -2.185841 3.557721 
0.000000 0.000000 1.000000 
0.000000 1.000000 
-2.023440 -2.028088 3.557721 
0.000000 0.000000 1.000000 
0.000000 1.000000 
-1.931042 -2.028088 3.557721 
0.000000 0.000000 1.000000 
0.000000 1.000000 
0.000000 1.969253 3.557721 
-0.002299 0.022766 0.999738 
0.000000 1.000000 
-1.931042 1.969253 3.553281 
-0.002182 0.020998 0.999777 
0.000000 1.000000 
-1.931042 2.097426 3.550599 
-0.002176 0.020920 0.999779 
0.000000 1.000000 
0.000000 2.097426 3.554802 
-0.002294 0.022688 0.999740 
0.000000 1.000000 
-1.931042 2.097426 3.550599 
-0.167235 0.795661 0.582200 
0.000000 1.000000 
-2.023440 2.079303 3.548826 
-0.163119 0.796165 0.582678 
0.000000 1.000000 
-2.091054 2.877734 2.453029 
-0.078169 0.803439 0.590234 
0.000000 1.000000 
-1.995465 2.877734 2.465689 
-0.081791 0.803249 0.590001 
0.000000 1.000000 
-1.931042 1.969253 3.553281 
-0.052971 0.020891 0.998378 
0.000000 1.000000 
-2.023440 1.969253 3.548378 
-0.039229 0.010970 0.999170 
0.000000 1.000000 
-2.023440 2.079303 3.548826 
-0.018387 -0.004066 0.999823 
0.000000 1.000000 
-1.931042 2.097426 3.550599 
-0.034095 0.007265 0.999392 
0.000000 1.000000 
-2.023440 2.079303 3.548826 
-0.770195 0.491931 0.405960 
0.000000 1.000000 
-2.814537 2.079303 2.047941 
-0.680330 0.270971 0.680974 
0.000000 1.000000 
-2.604024 2.890597 2.353085 
-0.189593 -0.302179 0.934207 
0.000000 1.000000 
-2.091054 2.877734 2.453029 
-0.663362 0.241807 0.708153 
0.000000 1.000000 
-2.023440 -2.901340 0.865663 
-0.695190 -0.718826 -0.000266 
0.000000 1.000000 
-2.062218 -2.863422 -0.253294 
-0.638432 -0.761533 0.111681 
0.000000 1.000000 
-2.670720 -2.448966 0.127038 
0.020342 -0.659608 0.751334 
0.000000 1.000000 
-2.673418 -2.272516 0.282018 
-0.503834 -0.804976 0.313314 
0.000000 1.000000 
0.000000 1.969253 3.442276 
0.000000 0.000000 0.000000 
0.000000 1.000000 
-1.931042 1.969253 3.428411 
0.000000 0.000000 0.000000 
0.000000 1.000000 
-1.931042 1.969253 3.428411 
0.000000 0.000000 0.000000 
0.000000 1.000000 
-2.814537 2.079303 2.047941 
-0.218707 0.392727 -0.893271 
0.000000 1.000000 
-2.352563 2.079303 1.934832 
-0.220645 0.392037 -0.893097 
0.000000 1.000000 
-2.355440 2.796825 2.248365 
-0.229159 0.388982 -0.892289 
0.000000 1.000000 
-2.604024 2.890597 2.353085 
-0.225138 0.390430 -0.892680 
0.000000 1.000000 
-2.338803 -1.714159 1.309291 
0.989252 0.000646 -0.146222 
0.000000 1.000000 
-2.023440 -2.185841 3.440768 
0.989251 0.000646 -0.146222 
0.000000 1.000000 
-2.023440 -2.028088 3.441465 
0.989252 0.000646 -0.146222 
0.000000 1.000000 
-2.352563 2.079303 1.934832 
0.971651 0.097925 -0.215186 
0.000000 1.000000 
-2.023440 2.079303 3.420957 
0.922542 -0.152467 -0.354499 
0.000000 1.000000 
-2.097853 2.768161 2.397536 
0.232310 -0.798977 -0.554678 
0.000000 1.000000 
-2.355440 2.796825 2.248365 
0.860411 -0.288441 -0.420112 
0.000000 1.000000 
-1.931042 -2.900588 0.984592 
0.046714 -0.998458 -0.029984 
0.000000 1.000000 
-1.931200 -2.863422 -0.253294 
0.002451 -0.999430 -0.033666 
0.000000 1.000000 
-2.062218 -2.863422 -0.253294 
0.000000 -0.999426 -0.033868 
0.000000 1.000000 
-2.023440 -2.901340 0.865663 
0.044546 -0.998552 -0.030166 
0.000000 1.000000 
-2.023440 -2.028088 3.441465 
0.008778 -0.005306 -0.999947 
0.000000 1.000000 
-1.931042 -2.028088 3.442276 
0.009948 -0.005279 -0.999937 
0.000000 1.000000 
-1.931042 1.969253 3.428411 
0.087957 -0.003455 -0.996118 
0.000000 1.000000 
-2.023440 1.969253 3.420252 
0.086796 -0.003483 -0.996220 
0.000000 1.000000 
-1.931042 1.969253 3.553281 
0.000000 0.000000 0.000000 
0.000000 1.000000 
-1.931042 1.969253 3.553281 
0.000000 0.000000 0.000000 
0.000000 1.000000 
-1.931042 -2.028088 3.557721 
0.000000 0.000000 0.000000 
0.000000 1.000000 
-1.931042 -2.028088 3.557721 
0.000000 0.000000 0.000000 
0.000000 1.000000 
-1.931042 -2.028088 3.557721 
0.000000 0.000000 0.000000 
0.000000 1.000000 
-1.931042 -2.028088 3.557721 
0.000000 0.000000 0.000000 
0.000000 1.000000 
0.000000 -2.028088 3.557721 
0.000000 0.000000 0.000000 
0.000000 1.000000 
0.000000 1.969253 3.557721 
0.000000 0.000000 0.000000 
0.000000 1.000000 
-1.931042 1.969253 3.553281 
0.000000 0.000000 0.000000 
0.000000 1.000000 
-1.931042 1.969253 3.553281 
0.000000 0.000000 0.000000 
0.000000 1.000000 
-1.931042 -2.028088 3.557721 
0.000000 0.000000 0.000000 
0.000000 1.000000 
-1.931042 -2.028088 3.557721 
0.000000 0.000000 0.000000 
0.000000 1.000000 
0.000000 -2.028088 3.557721 
0.000000 0.000000 0.000000 
0.000000 1.000000 
-1.931042 1.969253 3.553281 
0.000000 0.000000 0.000000 
0.000000 1.000000 
-1.931042 1.969253 3.553281 
0.000000 0.000000 0.000000 
0.000000 1.000000 
-1.931042 -2.028088 3.557721 
0.000000 0.000000 0.000000 
0.000000 1.000000 
-1.931042 -2.028088 3.557721 
0.000000 0.000000 0.000000 
0.000000 1.000000 
-1.931042 -2.028088 3.442276 
0.000000 0.000000 0.000000 
0.000000 1.000000 
-1.931042 -2.028088 3.442276 
0.000000 0.000000 0.000000 
0.000000 1.000000 
-1.931042 1.969253 3.428411 
0.000000 0.000000 0.000000 
0.000000 1.000000 
-1.931042 1.969253 3.428411 
0.000000 0.000000 0.000000 
0.000000 1.000000 
-1.931042 -2.028088 3.557721 
0.000000 0.000000 0.000000 
0.000000 1.000000 
-1.931042 -2.028088 3.557721 
0.000000 0.000000 0.000000 
0.000000 1.000000 
0.000000 -2.028088 3.557721 
0.000000 0.000000 0.000000 
0.000000 1.000000 
-1.931042 -2.028088 3.442276 
0.000000 0.000000 0.000000 
0.000000 1.000000 
-1.931042 -2.028088 3.442276 
0.000000 0.000000 0.000000 
0.000000 1.000000 
-1.931042 1.969253 3.428411 
0.000000 0.000000 0.000000 
0.000000 1.000000 
-1.931042 1.969253 3.428411 
0.000000 0.000000 0.000000 
0.000000 1.000000 
0.000000 1.969253 3.557721 
0.000000 0.000000 0.000000 
0.000000 1.000000 
-1.931042 1.969253 3.553281 
0.000000 0.000000 0.000000 
0.000000 1.000000 
-1.931042 1.969253 3.553281 
0.000000 0.000000 0.000000 
0.000000 1.000000 
-1.931042 1.969253 3.428411 
0.000000 0.000000 0.000000 
0.000000 1.000000 
-1.931042 1.969253 3.428411 
0.000000 0.000000 0.000000 
0.000000 1.000000 
0.000000 1.969253 3.442276 
0.000000 0.000000 0.000000 
0.000000 1.000000 
-1.931042 -2.028088 3.442276 
0.000000 0.000000 0.000000 
0.000000 1.000000 
-1.931042 -2.028088 3.442276 
0.000000 0.000000 0.000000 
0.000000 1.000000 
-1.931042 1.969253 3.428411 
0.000000 0.000000 0.000000 
0.000000 1.000000 
-1.931042 1.969253 3.428411 
0.000000 0.000000 0.000000 
0.000000 1.000000 
0.000000 -2.028088 3.442276 
0.000000 0.000000 0.000000 
0.000000 1.000000 
-1.931042 -2.028088 3.442276 
0.000000 0.000000 0.000000 
0.000000 1.000000 
-1.931042 -2.028088 3.442276 
0.000000 0.000000 0.000000 
0.000000 1.000000 
0.000000 -2.028088 3.442276 
0.000000 0.000000 0.000000 
0.000000 1.000000 
-1.931042 -2.028088 3.442276 
0.000000 0.000000 0.000000 
0.000000 1.000000 
-1.931042 -2.028088 3.442276 
0.000000 0.000000 0.000000 
0.000000 1.000000 
-1.931042 1.969253 3.428411 
0.000000 0.000000 0.000000 
0.000000 1.000000 
-1.931042 1.969253 3.428411 
0.000000 0.000000 0.000000 
0.000000 1.000000 
0.000000 1.969253 3.442276 
0.000000 0.000000 0.000000 
0.000000 1.000000 
-1.931042 -2.028088 3.442276 
1.000000 0.000000 0.000000 
0.000000 1.000000 
-1.931042 -2.028088 3.458665 
1.000000 0.000000 0.000000 
0.000000 1.000000 
-1.931042 1.969253 3.446401 
1.000000 0.000000 0.000000 
0.000000 1.000000 
-1.931042 1.969253 3.428411 
1.000000 0.000000 0.000000 
0.000000 1.000000 
-1.931042 1.969253 3.428411 
0.000000 0.000000 0.000000 
0.000000 1.000000 
-1.931042 1.969253 3.428411 
0.000000 0.000000 0.000000 
0.000000 1.000000 
0.000000 1.969253 3.442276 
0.000000 0.000000 0.000000 
0.000000 1.000000 
-1.931042 -2.028088 3.442276 
0.000000 0.000000 0.000000 
0.000000 1.000000 
-1.931042 -2.028088 3.442276 
0.000000 0.000000 0.000000 
0.000000 1.000000 
-1.931042 1.969253 3.428411 
0.000000 0.000000 0.000000 
0.000000 1.000000 
-1.931042 1.969253 3.428411 
0.000000 0.000000 0.000000 
0.000000 1.000000 
0.000000 -2.028088 3.442276 
0.000000 0.000000 0.000000 
0.000000 1.000000 
-1.931042 -2.028088 3.442276 
0.000000 0.000000 0.000000 
0.000000 1.000000 
-1.931042 -2.028088 3.442276 
0.000000 0.000000 0.000000 
0.000000 1.000000 
0.000000 -2.028088 3.442276 
0.000000 1.000000 0.000000 
0.000000 1.000000 
0.000000 -2.028088 3.458665 
0.000000 1.000000 0.000000 
0.000000 1.000000 
-1.931042 -2.028088 3.458665 
0.000000 1.000000 0.000000 
0.000000 1.000000 
-1.931042 -2.028088 3.442276 
0.000000 1.000000 0.000000 
0.000000 1.000000 
-1.931042 1.969253 3.428411 
0.000000 -1.000000 0.000000 
0.000000 1.000000 
-1.931042 1.969253 3.446401 
0.000000 -1.000000 0.000000 
0.000000 1.000000 
0.000000 1.969253 3.458665 
0.000000 -1.000000 0.000000 
0.000000 1.000000 
0.000000 1.969253 3.442276 
0.000000 -1.000000 0.000000 
0.000000 1.000000 
-1.931042 -2.028088 3.557721 
0.000000 0.000000 0.000000 
0.000000 1.000000 
-1.931042 -2.028088 3.557721 
0.000000 0.000000 0.000000 
0.000000 1.000000 
0.000000 -2.028088 3.557721 
0.000000 0.000000 0.000000 
0.000000 1.000000 
-1.931042 1.969253 3.553281 
0.000000 0.000000 0.000000 
0.000000 1.000000 
-1.931042 1.969253 3.553281 
0.000000 0.000000 0.000000 
0.000000 1.000000 
-1.931042 -2.028088 3.557721 
0.000000 0.000000 0.000000 
0.000000 1.000000 
-1.931042 -2.028088 3.557721 
0.000000 0.000000 0.000000 
0.000000 1.000000 
0.000000 1.969253 3.557721 
0.000000 0.000000 0.000000 
0.000000 1.000000 
-1.931042 1.969253 3.553281 
0.000000 0.000000 0.000000 
0.000000 1.000000 
-1.931042 1.969253 3.553281 
0.000000 0.000000 0.000000 
0.000000 1.000000 
-1.931042 1.969253 3.553281 
1.000000 0.000000 0.000000 
0.000000 1.000000 
-1.931042 1.969253 3.509233 
1.000000 0.000000 0.000000 
0.000000 1.000000 
-1.931042 -2.028088 3.516518 
1.000000 0.000000 0.000000 
0.000000 1.000000 
-1.931042 -2.028088 3.557721 
1.000000 0.000000 0.000000 
0.000000 1.000000 
-1.931042 1.969253 3.553281 
0.000000 0.000000 0.000000 
0.000000 1.000000 
-1.931042 1.969253 3.553281 
0.000000 0.000000 0.000000 
0.000000 1.000000 
-1.931042 -2.028088 3.557721 
0.000000 0.000000 0.000000 
0.000000 1.000000 
-1.931042 -2.028088 3.557721 
0.000000 0.000000 0.000000 
0.000000 1.000000 
0.000000 1.969253 3.557721 
0.000000 0.000000 0.000000 
0.000000 1.000000 
-1.931042 1.969253 3.553281 
0.000000 0.000000 0.000000 
0.000000 1.000000 
-1.931042 1.969253 3.553281 
0.000000 0.000000 0.000000 
0.000000 1.000000 
0.000000 1.969253 3.557721 
0.000000 -1.000000 0.000000 
0.000000 1.000000 
0.000000 1.969253 3.508994 
0.000000 -1.000000 0.000000 
0.000000 1.000000 
-1.931042 1.969253 3.509233 
0.000000 -1.000000 0.000000 
0.000000 1.000000 
-1.931042 1.969253 3.553281 
0.000000 -1.000000 0.000000 
0.000000 1.000000 
-1.931042 -2.028088 3.557721 
0.000000 1.000000 0.000000 
0.000000 1.000000 
-1.931042 -2.028088 3.516518 
0.000000 1.000000 0.000000 
0.000000 1.000000 
0.000000 -2.028088 3.508994 
0.000000 1.000000 0.000000 
0.000000 1.000000 
0.000000 -2.028088 3.557721 
0.000000 1.000000 0.000000 
0.000000 1.000000 
-1.931042 1.969253 3.446401 
0.000000 -1.000000 0.000000 
0.000000 1.000000 
-1.931042 1.969253 3.492995 
0.000000 -1.000000 0.000000 
0.000000 1.000000 
0.000000 1.969253 3.508994 
0.000000 -1.000000 0.000000 
0.000000 1.000000 
0.000000 1.969253 3.458665 
0.000000 -1.000000 0.000000 
0.000000 1.000000 
-1.931042 -2.028088 3.458665 
1.000000 0.000000 0.000000 
0.000000 1.000000 
-1.931042 -2.028088 3.501469 
1.000000 0.000000 0.000000 
0.000000 1.000000 
-1.931042 1.969253 3.492995 
1.000000 0.000000 0.000000 
0.000000 1.000000 
-1.931042 1.969253 3.446401 
1.000000 0.000000 0.000000 
0.000000 1.000000 
0.000000 -2.028088 3.458665 
0.000000 1.000000 0.000000 
0.000000 1.000000 
0.000000 -2.028088 3.508994 
0.000000 1.000000 0.000000 
0.000000 1.000000 
-1.931042 -2.028088 3.501469 
0.000000 1.000000 0.000000 
0.000000 1.000000 
-1.931042 -2.028088 3.458665 
0.000000 1.000000 0.000000 
0.000000 1.000000 
-1.931042 1.969253 3.428411 
0.007180 0.005006 -0.999962 
0.000000 1.000000 
0.000000 1.969253 3.442276 
0.006905 0.000181 -0.999976 
0.000000 1.000000 
0.000000 2.079303 3.442276 
0.006895 0.000000 -0.999976 
0.000000 1.000000 
-1.931042 2.079303 3.428962 
0.007170 0.004825 -0.999963 
0.000000 1.000000 
-1.931042 1.969253 3.428411 
0.000000 0.000000 0.000000 
0.000000 1.000000 
-1.931042 1.969253 3.428411 
0.000000 0.000000 0.000000 
0.000000 1.000000 
-1.931042 2.079303 3.428962 
0.000000 0.000000 0.000000 
0.000000 1.000000 
-1.931042 2.079303 3.428962 
0.000000 0.000000 0.000000 
0.000000 1.000000 
-1.931042 2.079303 3.428962 
0.000000 0.000000 0.000000 
0.000000 1.000000 
-1.931042 2.079303 3.428962 
0.000000 0.000000 0.000000 
0.000000 1.000000 
0.000000 2.079303 3.442276 
0.000000 0.000000 0.000000 
0.000000 1.000000 
-1.931042 2.079303 3.428962 
0.000000 0.000000 0.000000 
0.000000 1.000000 
-1.931042 2.079303 3.428962 
0.000000 0.000000 0.000000 
0.000000 1.000000 
-2.001145 2.768161 2.413044 
0.000000 0.000000 0.000000 
0.000000 1.000000 
-2.001145 2.768161 2.413044 
0.000000 0.000000 0.000000 
0.000000 1.000000 
-2.001145 2.768161 2.413044 
0.000000 0.000000 0.000000 
0.000000 1.000000 
-2.001145 2.768161 2.413044 
0.000000 0.000000 0.000000 
0.000000 1.000000 
0.000000 2.768161 2.463386 
0.000000 0.000000 0.000000 
0.000000 1.000000 
0.000000 2.079303 3.442276 
0.000000 0.000000 0.000000 
0.000000 1.000000 
-1.931042 2.079303 3.428962 
0.000000 0.000000 0.000000 
0.000000 1.000000 
-1.931042 2.079303 3.428962 
0.000000 0.000000 0.000000 
0.000000 1.000000 
-1.931042 2.061179 3.432002 
0.998399 0.035280 -0.044210 
0.000000 1.000000 
-1.931042 2.073473 3.441813 
0.998404 0.034248 -0.044907 
0.000000 1.000000 
-1.998771 2.780460 2.423880 
0.988966 -0.082462 -0.123074 
0.000000 1.000000 
-2.001145 2.768161 2.413044 
0.989134 -0.081443 -0.122397 
0.000000 1.000000 
0.000000 2.079303 3.442276 
-0.006807 0.159020 0.987252 
0.000000 1.000000 
0.000000 2.061179 3.445195 
-0.006807 0.159059 0.987246 
0.000000 1.000000 
-1.931042 2.061179 3.432002 
-0.006738 0.165441 0.986197 
0.000000 1.000000 
-1.931042 2.079303 3.428962 
-0.006738 0.165402 0.986203 
0.000000 1.000000 
-2.001145 2.768161 2.413044 
0.000000 0.000000 0.000000 
0.000000 1.000000 
-2.001145 2.768161 2.413044 
0.000000 0.000000 0.000000 
0.000000 1.000000 
0.000000 2.768161 2.463386 
0.000000 0.000000 0.000000 
0.000000 1.000000 
-1.931042 2.079303 3.428962 
-0.996898 0.013021 0.077619 
0.000000 1.000000 
-1.931042 2.061179 3.432002 
-0.996898 0.013021 0.077619 
0.000000 1.000000 
-2.001145 2.768161 2.413044 
0.000000 0.000000 0.000000 
0.000000 1.000000 
-2.001145 2.768161 2.413044 
-0.996898 0.013021 0.077619 
0.000000 1.000000 
0.000000 2.061179 3.445195 
0.005544 0.584350 -0.811483 
0.000000 1.000000 
0.000000 2.073473 3.454048 
0.005541 0.584558 -0.811333 
0.000000 1.000000 
-1.931042 2.073473 3.441813 
0.004952 0.623744 -0.781613 
0.000000 1.000000 
-1.931042 2.061179 3.432002 
0.004955 0.623550 -0.781768 
0.000000 1.000000 
-2.001145 2.768161 2.413044 
-0.018917 -0.658912 0.751982 
0.000000 1.000000 
-1.998771 2.780460 2.423880 
-0.018921 -0.658598 0.752257 
0.000000 1.000000 
0.000000 2.780460 2.472239 
-0.019632 -0.584118 0.811432 
0.000000 1.000000 
0.000000 2.768161 2.463386 
-0.019629 -0.584518 0.811143 
0.000000 1.000000 
-1.931042 2.097426 3.550599 
0.000000 0.000000 0.000000 
0.000000 1.000000 
-1.931042 2.097426 3.550599 
0.000000 0.000000 0.000000 
0.000000 1.000000 
-1.995465 2.877734 2.465689 
0.000000 0.000000 0.000000 
0.000000 1.000000 
-1.995465 2.877734 2.465689 
0.000000 0.000000 0.000000 
0.000000 1.000000 
-2.338803 -1.714159 1.309291 
0.000000 0.000000 0.000000 
0.000000 1.000000 
-2.804463 1.969253 1.928346 
0.000000 0.000000 0.000000 
0.000000 1.000000 
-2.804463 1.969253 1.928346 
0.000000 0.000000 0.000000 
0.000000 1.000000 
-2.023440 -2.028088 3.441465 
0.000000 0.000000 0.000000 
0.000000 1.000000 
-2.023440 -2.028088 3.441465 
0.000000 0.000000 0.000000 
0.000000 1.000000 
-2.338803 -1.714159 1.309291 
0.000000 0.000000 0.000000 
0.000000 1.000000 
-2.804463 1.969253 1.928346 
0.000000 0.000000 0.000000 
0.000000 1.000000 
-2.804463 1.969253 1.928346 
0.000000 0.000000 0.000000 
0.000000 1.000000 
-2.023440 1.969253 3.420252 
0.000000 0.000000 0.000000 
0.000000 1.000000 
-2.023440 1.969253 3.420252 
0.000000 0.000000 0.000000 
0.000000 1.000000 
-1.995465 2.877734 2.465689 
-0.997281 0.017272 0.071642 
0.000000 1.000000 
-1.931042 2.097426 3.550599 
-0.998033 0.001958 0.062659 
0.000000 1.000000 
-1.931042 1.969253 3.553281 
-0.998058 0.001303 0.062274 
0.000000 1.000000 
-2.001145 2.768161 2.413044 
-0.997323 0.016550 0.071219 
0.000000 1.000000 
-1.931042 -2.185841 3.442276 
-1.000000 0.000000 0.000000 
0.000000 1.000000 
-1.931042 2.079303 3.428962 
-1.000000 0.000000 0.000000 
0.000000 1.000000 
-1.931042 2.097426 3.550599 
-1.000000 0.000000 0.000000 
0.000000 1.000000 
-1.931042 -2.185841 3.557721 
-1.000000 0.000000 0.000000 
0.000000 1.000000 
-1.931042 -2.185841 3.557721 
-1.000000 0.000000 0.000000 
0.000000 1.000000 
-1.931042 -2.900588 0.984592 
-1.000000 0.000000 0.000000 
0.000000 1.000000 
-1.931042 -2.797215 0.792946 
-1.000000 0.000000 0.000000 
0.000000 1.000000 
-1.931042 -2.185841 3.442276 
-1.000000 0.000000 0.000000 
0.000000 1.000000 
-2.023440 -2.185841 3.557721 
1.000000 0.000000 0.000000 
0.000000 1.000000 
-2.023440 -2.185841 3.440768 
1.000000 0.000000 0.000000 
0.000000 1.000000 
-2.023440 -2.797967 0.666678 
1.000000 0.000000 0.000000 
0.000000 1.000000 
-2.023440 -2.901340 0.865663 
1.000000 0.000000 0.000000 
0.000000 1.000000 
-2.023440 2.079303 3.420957 
1.000000 0.000000 0.000000 
0.000000 1.000000 
-2.023440 -2.185841 3.440768 
1.000000 0.000000 0.000000 
0.000000 1.000000 
-2.023440 -2.185841 3.557721 
1.000000 0.000000 0.000000 
0.000000 1.000000 
-2.023440 2.079303 3.548826 
1.000000 0.000000 0.000000 
0.000000 1.000000 
-2.097853 2.768161 2.397536 
0.996201 -0.018741 -0.085049 
0.000000 1.000000 
-2.023440 2.079303 3.420957 
0.996752 0.080468 -0.003251 
0.000000 1.000000 
-2.023440 2.079303 3.548826 
0.996433 0.084383 0.000000 
0.000000 1.000000 
-2.091054 2.877734 2.453029 
0.996573 -0.014362 -0.081463 
0.000000 1.000000 
0.000000 -2.028088 3.557721 
0.000000 1.000000 0.000000 
0.000000 1.000000 
-2.023440 -2.028088 3.557721 
0.000000 1.000000 0.000000 
0.000000 1.000000 
-2.023440 -2.028088 3.441465 
0.000000 1.000000 0.000000 
0.000000 1.000000 
0.000000 -2.028088 3.442276 
0.000000 1.000000 0.000000 
0.000000 1.000000 
0.000000 -2.185841 3.442161 
0.000000 1.000000 0.000000 
0.000000 1.000000 
0.000000 -2.185841 3.557721 
0.000000 1.000000 0.000000 
0.000000 1.000000 
-2.023440 -2.185841 3.557721 
0.000000 1.000000 0.000000 
0.000000 1.000000 
-2.023440 -2.185841 3.440768 
0.000000 1.000000 0.000000 
0.000000 1.000000 
-2.023440 -2.185841 3.557721 
0.831310 0.555808 0.000000 
0.000000 1.000000 
-2.338803 -1.714159 1.309291 
0.831311 0.555808 0.000000 
0.000000 1.000000 
-2.023440 -2.185841 3.440768 
0.831310 0.555808 0.000000 
0.000000 1.000000 
-2.023440 -2.028088 3.557721 
0.705494 0.708716 0.000000 
0.000000 1.000000 
-2.338803 -1.714159 1.309291 
0.705494 0.708716 0.000000 
0.000000 1.000000 
-2.023440 -2.028088 3.441465 
0.705494 0.708716 0.000000 
0.000000 1.000000 
-2.023440 1.969253 3.548378 
0.000000 1.000000 0.000000 
0.000000 1.000000 
-2.023440 1.969253 3.420252 
0.000000 1.000000 0.000000 
0.000000 1.000000 
0.000000 1.969253 3.442276 
0.000000 1.000000 0.000000 
0.000000 1.000000 
0.000000 1.969253 3.557721 
0.000000 1.000000 0.000000 
0.000000 1.000000 
-2.023440 1.969253 3.420252 
0.000000 -1.000000 0.000000 
0.000000 1.000000 
-2.804463 1.969253 1.928346 
0.000000 -1.000000 0.000000 
0.000000 1.000000 
-2.821498 1.969253 2.041387 
0.000000 -1.000000 0.000000 
0.000000 1.000000 
-2.023440 1.969253 3.548378 
0.000000 -1.000000 0.000000 
0.000000 1.000000 
-2.023440 2.079303 3.548826 
0.000000 -1.000000 0.000000 
0.000000 1.000000 
-2.023440 2.079303 3.420957 
0.000000 -1.000000 0.000000 
0.000000 1.000000 
-2.352563 2.079303 1.934832 
0.000000 -1.000000 0.000000 
0.000000 1.000000 
-2.814537 2.079303 2.047941 
0.000000 -1.000000 0.000000 
0.000000 1.000000 
0.000000 2.097426 3.554802 
0.008373 -0.987243 0.159003 
0.000000 1.000000 
0.000000 2.079303 3.442276 
0.008042 -0.988235 0.152731 
0.000000 1.000000 
-2.023440 2.079303 3.420957 
0.000000 -1.000000 0.000000 
0.000000 1.000000 
-2.023440 2.079303 3.548826 
0.000299 -0.999984 0.005686 
0.000000 1.000000 
0.000000 -2.898281 0.995929 
0.001358 -0.999610 -0.027894 
0.000000 1.000000 
0.000000 -2.863422 -0.253294 
0.000865 -0.999589 -0.028662 
0.000000 1.000000 
-1.931200 -2.863422 -0.253294 
0.000000 -0.999550 -0.030011 
0.000000 1.000000 
-1.931042 -2.900588 0.984592 
0.000496 -0.999572 -0.029237 
0.000000 1.000000 
-1.931042 -2.797215 0.792946 
1.000000 -0.000250 -0.000135 
0.000000 1.000000 
-1.931200 -2.863422 -0.253294 
1.000000 -0.000250 -0.000135 
0.000000 1.000000 
-1.931042 -2.900588 0.984592 
1.000000 -0.000250 -0.000135 
0.000000 1.000000 
-2.023440 -2.797967 0.666678 
0.093858 0.992787 -0.074592 
0.000000 1.000000 
-2.062218 -2.863422 -0.253294 
0.005085 0.997950 -0.063788 
0.000000 1.000000 
-1.931200 -2.863422 -0.253294 
0.000000 0.998004 -0.063154 
0.000000 1.000000 
-1.931042 -2.797215 0.792946 
0.075513 0.994513 -0.072401 
0.000000 1.000000 
-2.062218 -2.863422 -0.253294 
-0.678807 -0.544614 -0.492561 
0.000000 1.000000 
-2.486188 -2.374969 -0.209085 
-0.678807 -0.544614 -0.492561 
0.000000 1.000000 
-2.670720 -2.448966 0.127038 
-0.678807 -0.544614 -0.492561 
0.000000 1.000000 
-2.673418 -2.272516 0.282018 
-0.844711 0.345855 -0.408470 
0.000000 1.000000 
-2.670720 -2.448966 0.127038 
-0.847098 0.350317 -0.399629 
0.000000 1.000000 
-2.486188 -2.374969 -0.209085 
-0.850014 0.355951 -0.388298 
0.000000 1.000000 
-2.219725 -1.668672 -0.144932 
-0.848074 0.352179 -0.395903 
0.000000 1.000000 
-2.023440 -2.797967 0.666678 
0.996782 -0.071136 -0.036955 
0.000000 1.000000 
-2.062218 -2.863422 -0.253294 
0.996782 -0.071136 -0.036955 
0.000000 1.000000 
-2.023440 -2.901340 0.865663 
0.996782 -0.071136 -0.036955 
0.000000 1.000000 
-2.219725 -1.668672 -0.144932 
0.799893 -0.252314 -0.544527 
0.000000 1.000000 
-2.486188 -2.374969 -0.209085 
0.898898 0.100320 -0.426518 
0.000000 1.000000 
-2.062218 -2.863422 -0.253294 
0.749351 0.657519 -0.078368 
0.000000 1.000000 
-2.023440 -2.797967 0.666678 
0.899005 0.270621 -0.344318 
0.000000 1.000000 
-2.338803 -1.714159 1.309291 
-0.814753 0.577764 -0.048643 
0.000000 1.000000 
-2.673418 -2.272516 0.282018 
-0.814753 0.577764 -0.048643 
0.000000 1.000000 
-2.219725 -1.668672 -0.144932 
-0.814753 0.577764 -0.048643 
0.000000 1.000000 
-2.541459 3.292802 1.248692 
-0.000002 0.995761 -0.091979 
0.000000 1.000000 
-2.594899 3.140657 -0.398428 
-0.000008 0.995762 -0.091969 
0.000000 1.000000 
0.000000 3.140657 -0.398968 
-0.000019 0.995763 -0.091952 
0.000000 1.000000 
0.000000 3.292807 1.248692 
-0.000013 0.995763 -0.091962 
0.000000 1.000000 
0.000000 2.768161 2.463386 
0.007929 -0.949003 -0.315168 
0.000000 1.000000 
0.000000 3.183648 1.212312 
0.005074 -0.947594 -0.319438 
0.000000 1.000000 
-2.541459 3.183643 1.212313 
0.000002 -0.945024 -0.327002 
0.000000 1.000000 
-2.001145 2.768161 2.413044 
0.002342 -0.946220 -0.323515 
0.000000 1.000000 
-1.995465 2.877734 2.465689 
-0.005546 0.945689 0.325024 
0.000000 1.000000 
-2.541459 3.292802 1.248692 
-0.003278 0.947112 0.320887 
0.000000 1.000000 
0.000000 3.292807 1.248692 
-0.000002 0.949125 0.314901 
0.000000 1.000000 
0.000000 2.877734 2.499739 
-0.001650 0.948117 0.317916 
0.000000 1.000000 
-2.594899 3.140657 -0.398428 
-0.000204 -0.192988 -0.981201 
0.000000 1.000000 
-2.620727 3.025876 -0.375847 
-0.000331 -0.190214 -0.981743 
0.000000 1.000000 
0.000000 3.025876 -0.386612 
-0.004084 -0.107034 -0.994247 
0.000000 1.000000 
0.000000 3.140657 -0.398968 
-0.003974 -0.109486 -0.993980 
0.000000 1.000000 
-2.541459 3.183643 1.212313 
-0.998523 -0.017178 0.051544 
0.000000 1.000000 
-2.620727 3.025876 -0.375847 
-0.977048 0.212636 0.012736 
0.000000 1.000000 
-2.594899 3.140657 -0.398428 
-0.975072 0.221606 0.011166 
0.000000 1.000000 
-2.541459 3.292802 1.248692 
-0.998791 -0.002262 0.049106 
0.000000 1.000000 
0.000000 3.183648 1.212312 
0.000002 -0.995167 0.098197 
0.000000 1.000000 
0.000000 3.025876 -0.386612 
0.000146 -0.995145 0.098424 
0.000000 1.000000 
-2.620727 3.025876 -0.375847 
0.000406 -0.995104 0.098833 
0.000000 1.000000 
-2.541459 3.183643 1.212313 
0.000265 -0.995126 0.098612 
0.000000 1.000000 
-2.804463 1.969253 1.928346 
0.000000 0.000000 0.000000 
0.000000 1.000000 
-2.804463 1.969253 1.928346 
0.000000 0.000000 0.000000 
0.000000 1.000000 
-2.338803 -1.714159 1.309291 
0.000000 0.000000 0.000000 
0.000000 1.000000 
-2.804463 1.969253 1.928346 
0.000000 0.000000 0.000000 
0.000000 1.000000 
-2.804463 1.969253 1.928346 
0.000000 0.000000 0.000000 
0.000000 1.000000 
-2.338803 -1.714159 1.309291 
0.000000 0.000000 0.000000 
0.000000 1.000000 
-2.821498 1.969253 2.041387 
0.000000 0.000000 0.000000 
0.000000 1.000000 
-2.821498 1.969253 2.041387 
0.000000 0.000000 0.000000 
0.000000 1.000000 
-2.804463 1.969253 1.928346 
0.000000 0.000000 0.000000 
0.000000 1.000000 
-2.804463 1.969253 1.928346 
0.000000 0.000000 0.000000 
0.000000 1.000000 
-2.435813 -1.658608 -0.274397 
-0.013871 0.106895 -0.994174 
0.000000 1.000000 
-2.174125 -1.656763 -0.277850 
-0.099044 0.090500 -0.990959 
0.000000 1.000000 
-2.542592 2.201955 -0.358701 
-0.812779 -0.089673 -0.575629 
0.000000 1.000000 
-2.879682 2.089438 0.134793 
-0.793112 -0.082909 -0.603406 
0.000000 1.000000 
-2.821498 1.969253 2.041387 
0.328149 0.943331 0.049451 
0.000000 1.000000 
-2.879682 2.089438 0.134793 
-0.213710 0.974072 0.074235 
0.000000 1.000000 
-2.542592 2.201955 -0.358701 
-0.216175 0.973523 0.074302 
0.000000 1.000000 
-2.804463 1.969253 1.928346 
0.302409 0.951807 0.051098 
0.000000 1.000000 
-2.804463 1.969253 1.928346 
0.986871 0.103992 0.123580 
0.000000 1.000000 
-2.542592 2.201955 -0.358701 
0.987630 0.102087 0.119014 
0.000000 1.000000 
-2.174125 -1.656763 -0.277850 
0.993937 -0.041998 0.101610 
0.000000 1.000000 
-2.219725 -1.668672 -0.144932 
0.217889 -0.975891 -0.012683 
0.000000 1.000000 
-2.338803 -1.714159 1.309291 
0.989987 0.086364 0.111652 
0.000000 1.000000 
-2.604024 2.890597 2.353085 
-0.042637 0.939547 0.339755 
0.000000 1.000000 
-2.541459 3.292802 1.248692 
-0.042637 0.939547 0.339755 
0.000000 1.000000 
-2.091054 2.877734 2.453029 
-0.042637 0.939547 0.339755 
0.000000 1.000000 
-2.097853 2.768161 2.397536 
-0.942877 -0.102095 0.317111 
0.000000 1.000000 
-2.541459 3.183643 1.212313 
-0.942802 -0.105214 0.316314 
0.000000 1.000000 
-2.541459 3.292802 1.248692 
-0.942797 -0.105402 0.316266 
0.000000 1.000000 
-2.091054 2.877734 2.453029 
-0.942873 -0.102293 0.317061 
0.000000 1.000000 
-2.001145 2.768161 2.413044 
0.055944 -0.935497 -0.348879 
0.000000 1.000000 
-2.541459 3.183643 1.212313 
0.055944 -0.935497 -0.348879 
0.000000 1.000000 
-2.097853 2.768161 2.397536 
0.055944 -0.935497 -0.348879 
0.000000 1.000000 
-2.091054 2.877734 2.453029 
-0.045100 0.939148 0.340539 
0.000000 1.000000 
-2.541459 3.292802 1.248692 
-0.045100 0.939148 0.340538 
0.000000 1.000000 
-1.995465 2.877734 2.465689 
-0.045100 0.939148 0.340538 
0.000000 1.000000 
-2.097853 2.768161 2.397536 
0.108305 -0.924795 -0.364725 
0.000000 1.000000 
-2.541459 3.183643 1.212313 
0.108305 -0.924795 -0.364725 
0.000000 1.000000 
-2.355440 2.796825 2.248365 
0.108305 -0.924795 -0.364725 
0.000000 1.000000 
-2.355440 2.796825 2.248365 
-0.431264 -0.867872 -0.246595 
0.000000 1.000000 
-2.541459 3.183643 1.212313 
-0.989824 -0.114989 -0.083825 
0.000000 1.000000 
-2.541459 3.292802 1.248692 
-0.998585 0.016813 -0.050448 
0.000000 1.000000 
-2.604024 2.890597 2.353085 
-0.491836 -0.836428 -0.241839 
0.000000 1.000000 
0.000000 -2.863422 -0.253294 
0.000000 0.022631 0.999744 
0.000000 1.000000 
-1.931200 -2.863422 -0.253294 
0.001259 0.022219 0.999752 
0.000000 1.000000 
-2.174125 -1.656763 -0.277850 
0.004276 0.021236 0.999765 
0.000000 1.000000 
-2.542592 2.201955 -0.358701 
0.004080 0.021275 0.999765 
0.000000 1.000000 
-2.620727 3.025876 -0.375847 
0.004107 0.021194 0.999767 
0.000000 1.000000 
0.000000 3.025876 -0.386612 
0.003270 0.021560 0.999762 
0.000000 1.000000 
-2.541459 3.292802 1.248692 
0.981388 -0.191513 -0.014150 
0.000000 1.000000 
-2.594899 3.140657 -0.398428 
0.965556 -0.259397 -0.020372 
0.000000 1.000000 
-2.879682 2.089438 0.134793 
0.965151 -0.260410 -0.025886 
0.000000 1.000000 
-2.821498 1.969253 2.041387 
0.967863 -0.246045 0.051996 
0.000000 1.000000 
-2.814537 2.079303 2.047941 
-0.849747 0.022382 0.526715 
0.000000 1.000000 
-2.604024 2.890597 2.353085 
0.972600 -0.231577 -0.020549 
0.000000 1.000000 
-2.338803 -1.714159 1.309291 
0.026506 0.999090 0.033421 
0.000000 1.000000 
-2.435813 -1.658608 -0.274397 
0.014725 0.998484 0.053038 
0.000000 1.000000 
-2.174125 -1.656763 -0.277850 
-0.005872 0.996170 0.087237 
0.000000 1.000000 
-2.219725 -1.668672 -0.144932 
0.013527 0.998393 0.055030 
0.000000 1.000000 
-2.338803 -1.714159 1.309291 
-0.026506 -0.999090 -0.033421 
0.000000 1.000000 
-2.219725 -1.668672 -0.144932 
-0.026506 -0.999090 -0.033421 
0.000000 1.000000 
-2.435813 -1.658608 -0.274397 
-0.026506 -0.999090 -0.033421 
0.000000 1.000000 
-2.435813 -1.658608 -0.274397 
0.005872 -0.996170 -0.087237 
0.000000 1.000000 
-2.219725 -1.668672 -0.144932 
0.005872 -0.996170 -0.087237 
0.000000 1.000000 
-2.174125 -1.656763 -0.277850 
0.005872 -0.996170 -0.087237 
0.000000 1.000000 
-2.879682 2.089438 0.134793 
0.816257 0.069753 0.573462 
0.000000 1.000000 
-2.594899 3.140657 -0.398428 
0.816257 0.069753 0.573462 
0.000000 1.000000 
-2.542592 2.201955 -0.358701 
0.816257 0.069753 0.573462 
0.000000 1.000000 
-1.931200 -2.863422 -0.253294 
0.000000 0.020346 0.999793 
0.000000 1.000000 
-2.062218 -2.863422 -0.253294 
0.064149 0.026250 0.997595 
0.000000 1.000000 
-2.219725 -1.668672 -0.144932 
0.939102 0.093821 0.330583 
0.000000 1.000000 
-2.174125 -1.656763 -0.277850 
0.915526 0.092872 0.391391 
0.000000 1.000000 
-1.931042 -2.797215 0.792946 
0.003875 0.997996 -0.063154 
0.000000 1.000000 
-1.931200 -2.863422 -0.253294 
0.002500 0.998137 -0.060952 
0.000000 1.000000 
0.000000 -2.863422 -0.253294 
0.000000 0.998377 -0.056947 
0.000000 1.000000 
0.000000 -2.794883 0.948288 
0.001240 0.998261 -0.058934 
0.000000 1.000000 
2.023440 -2.028088 3.557721 
0.990300 0.000325 0.138944 
0.000000 1.000000 
2.023440 1.969253 3.548378 
0.924875 -0.136556 0.354905 
0.000000 1.000000 
2.821498 1.969253 2.041387 
0.865069 -0.204416 0.458115 
0.000000 1.000000 
2.338803 -1.714159 1.309291 
0.972941 -0.053358 0.224810 
0.000000 1.000000 
0.000000 -2.898281 0.995929 
0.000422 -0.963437 0.267934 
0.000000 1.000000 
0.000000 -2.185841 3.557721 
0.000168 -0.963486 0.267757 
0.000000 1.000000 
1.931042 -2.185841 3.557721 
0.000000 -0.963519 0.267640 
0.000000 1.000000 
1.931042 -2.900588 0.984592 
0.000253 -0.963470 0.267816 
0.000000 1.000000 
1.931042 -2.797215 0.792946 
-0.016910 0.974253 -0.224824 
0.000000 1.000000 
1.931042 -2.185841 3.442276 
-0.006935 0.972654 -0.232157 
0.000000 1.000000 
0.000000 -2.185841 3.442161 
0.000014 0.971450 -0.237243 
0.000000 1.000000 
0.000000 -2.794883 0.948288 
-0.010292 0.973209 -0.229693 
0.000000 1.000000 
0.000000 2.097426 3.554802 
0.001294 0.804001 0.594627 
0.000000 1.000000 
0.000000 2.877734 2.499739 
0.004631 0.806911 0.590656 
0.000000 1.000000 
1.995465 2.877734 2.465689 
0.009970 0.811507 0.584258 
0.000000 1.000000 
1.931042 2.097426 3.550599 
0.006772 0.808762 0.588096 
0.000000 1.000000 
2.023440 -2.901340 0.865663 
0.758974 -0.629275 0.167249 
0.000000 1.000000 
2.023440 -2.185841 3.557721 
0.940740 -0.278141 0.194025 
0.000000 1.000000 
2.338803 -1.714159 1.309291 
0.954571 0.235022 0.183191 
0.000000 1.000000 
2.673418 -2.272516 0.282018 
0.911218 -0.365243 0.190472 
0.000000 1.000000 
2.219725 -1.668672 -0.144932 
-0.969172 0.230675 0.086575 
0.000000 1.000000 
2.338803 -1.714159 1.309291 
-0.958067 0.286266 -0.012633 
0.000000 1.000000 
2.023440 -2.185841 3.440768 
-0.945954 0.316684 -0.069879 
0.000000 1.000000 
2.023440 -2.797967 0.666678 
-0.963099 0.268409 0.019954 
0.000000 1.000000 
0.000000 -2.028088 3.508994 
-0.003896 0.000000 0.999992 
0.000000 1.000000 
0.000000 1.969253 3.508994 
-0.001205 0.001300 0.999998 
0.000000 1.000000 
1.931042 1.969253 3.509233 
-0.000124 0.001822 0.999998 
0.000000 1.000000 
1.931042 -2.028088 3.516518 
-0.002816 0.000522 0.999996 
0.000000 1.000000 
1.931042 -2.028088 3.501469 
-0.003897 -0.002120 -0.999990 
0.000000 1.000000 
1.931042 1.969253 3.492995 
-0.007028 -0.000607 -0.999975 
0.000000 1.000000 
0.000000 1.969253 3.508994 
-0.008285 0.000000 -0.999966 
0.000000 1.000000 
0.000000 -2.028088 3.508994 
-0.005154 -0.001513 -0.999986 
0.000000 1.000000 
1.931042 2.073473 3.441813 
-0.003615 -0.821218 -0.570603 
0.000000 1.000000 
1.998771 2.780460 2.423880 
-0.007405 -0.817727 -0.575559 
0.000000 1.000000 
0.000000 2.780460 2.472239 
-0.014137 -0.811420 -0.584292 
0.000000 1.000000 
0.000000 2.073473 3.454048 
-0.010418 -0.814920 -0.579479 
0.000000 1.000000 
2.338803 -1.714159 1.309291 
-0.981661 0.144919 -0.123857 
0.000000 1.000000 
2.804463 1.969253 1.928346 
-0.930314 0.043939 -0.364122 
0.000000 1.000000 
2.023440 1.969253 3.420252 
-0.885939 -0.002461 -0.463796 
0.000000 1.000000 
2.023440 -2.028088 3.441465 
-0.969578 0.105905 -0.220686 
0.000000 1.000000 
2.338803 -1.714159 1.309291 
0.000000 0.000000 0.000000 
0.000000 1.000000 
2.821498 1.969253 2.041387 
0.000000 0.000000 0.000000 
0.000000 1.000000 
2.821498 1.969253 2.041387 
0.000000 0.000000 0.000000 
0.000000 1.000000 
2.338803 -1.714159 1.309291 
0.000000 0.000000 0.000000 
0.000000 1.000000 
2.821498 1.969253 2.041387 
0.000000 0.000000 0.000000 
0.000000 1.000000 
2.821498 1.969253 2.041387 
0.000000 0.000000 0.000000 
0.000000 1.000000 
2.338803 -1.714159 1.309291 
0.988504 -0.140594 0.055620 
0.000000 1.000000 
2.821498 1.969253 2.041387 
0.991623 -0.125338 0.031202 
0.000000 1.000000 
2.879682 2.089438 0.134793 
0.992511 -0.120020 0.022723 
0.000000 1.000000 
2.435813 -1.658608 -0.274397 
0.989882 -0.134359 0.045624 
0.000000 1.000000 
-2.023440 -2.028088 3.557721 
-0.990300 0.000325 0.138944 
0.000000 1.000000 
-2.338803 -1.714159 1.309291 
-0.972941 -0.053358 0.224810 
0.000000 1.000000 
-2.821498 1.969253 2.041387 
-0.865069 -0.204416 0.458115 
0.000000 1.000000 
-2.023440 1.969253 3.548378 
-0.924875 -0.136556 0.354905 
0.000000 1.000000 
0.000000 -2.898281 0.995929 
-0.000422 -0.963437 0.267934 
0.000000 1.000000 
-1.931042 -2.900588 0.984592 
-0.000253 -0.963470 0.267816 
0.000000 1.000000 
-1.931042 -2.185841 3.557721 
0.000000 -0.963519 0.267640 
0.000000 1.000000 
0.000000 -2.185841 3.557721 
-0.000168 -0.963486 0.267757 
0.000000 1.000000 
-1.931042 -2.797215 0.792946 
0.016910 0.974253 -0.224824 
0.000000 1.000000 
0.000000 -2.794883 0.948288 
0.010292 0.973209 -0.229693 
0.000000 1.000000 
0.000000 -2.185841 3.442161 
-0.000014 0.971450 -0.237243 
0.000000 1.000000 
-1.931042 -2.185841 3.442276 
0.006935 0.972654 -0.232157 
0.000000 1.000000 
0.000000 2.097426 3.554802 
-0.001294 0.804001 0.594627 
0.000000 1.000000 
-1.931042 2.097426 3.550599 
-0.006772 0.808762 0.588096 
0.000000 1.000000 
-1.995465 2.877734 2.465689 
-0.009970 0.811507 0.584258 
0.000000 1.000000 
0.000000 2.877734 2.499739 
-0.004631 0.806911 0.590656 
0.000000 1.000000 
-2.023440 -2.901340 0.865663 
-0.758974 -0.629275 0.167249 
0.000000 1.000000 
-2.673418 -2.272516 0.282018 
-0.911218 -0.365243 0.190472 
0.000000 1.000000 
-2.338803 -1.714159 1.309291 
-0.954571 0.235022 0.183191 
0.000000 1.000000 
-2.023440 -2.185841 3.557721 
-0.940740 -0.278141 0.194025 
0.000000 1.000000 
-2.219725 -1.668672 -0.144932 
0.969172 0.230675 0.086575 
0.000000 1.000000 
-2.023440 -2.797967 0.666678 
0.963099 0.268409 0.019954 
0.000000 1.000000 
-2.023440 -2.185841 3.440768 
0.945954 0.316684 -0.069879 
0.000000 1.000000 
-2.338803 -1.714159 1.309291 
0.958067 0.286266 -0.012633 
0.000000 1.000000 
0.000000 -2.028088 3.508994 
0.003896 0.000000 0.999992 
0.000000 1.000000 
-1.931042 -2.028088 3.516518 
0.002816 0.000522 0.999996 
0.000000 1.000000 
-1.931042 1.969253 3.509233 
0.000124 0.001822 0.999998 
0.000000 1.000000 
0.000000 1.969253 3.508994 
0.001205 0.001300 0.999998 
0.000000 1.000000 
-1.931042 -2.028088 3.501469 
0.003897 -0.002120 -0.999990 
0.000000 1.000000 
0.000000 -2.028088 3.508994 
0.005154 -0.001513 -0.999986 
0.000000 1.000000 
0.000000 1.969253 3.508994 
0.008285 0.000000 -0.999966 
0.000000 1.000000 
-1.931042 1.969253 3.492995 
0.007028 -0.000607 -0.999975 
0.000000 1.000000 
-1.931042 2.073473 3.441813 
0.003615 -0.821218 -0.570603 
0.000000 1.000000 
0.000000 2.073473 3.454048 
0.010418 -0.814920 -0.579479 
0.000000 1.000000 
0.000000 2.780460 2.472239 
0.014137 -0.811420 -0.584292 
0.000000 1.000000 
-1.998771 2.780460 2.423880 
0.007405 -0.817727 -0.575559 
0.000000 1.000000 
-2.338803 -1.714159 1.309291 
0.981661 0.144919 -0.123857 
0.000000 1.000000 
-2.023440 -2.028088 3.441465 
0.969578 0.105905 -0.220686 
0.000000 1.000000 
-2.023440 1.969253 3.420252 
0.885939 -0.002461 -0.463796 
0.000000 1.000000 
-2.804463 1.969253 1.928346 
0.930314 0.043939 -0.364122 
0.000000 1.000000 
-2.338803 -1.714159 1.309291 
0.000000 0.000000 0.000000 
0.000000 1.000000 
-2.821498 1.969253 2.041387 
0.000000 0.000000 0.000000 
0.000000 1.000000 
-2.821498 1.969253 2.041387 
0.000000 0.000000 0.000000 
0.000000 1.000000 
-2.338803 -1.714159 1.309291 
0.000000 0.000000 0.000000 
0.000000 1.000000 
-2.821498 1.969253 2.041387 
0.000000 0.000000 0.000000 
0.000000 1.000000 
-2.821498 1.969253 2.041387 
0.000000 0.000000 0.000000 
0.000000 1.000000 
-2.338803 -1.714159 1.309291 
-0.988504 -0.140594 0.055620 
0.000000 1.000000 
-2.435813 -1.658608 -0.274397 
-0.989882 -0.134359 0.045624 
0.000000 1.000000 
-2.879682 2.089438 0.134793 
-0.992511 -0.120020 0.022723 
0.000000 1.000000 
-2.821498 1.969253 2.041387 
-0.991623 -0.125338 0.031202 
0.000000 1.000000 
1437
3
2
1
3
1
0
7
6
5
7
5
4
11
10
9
11
9
8
15
14
13
15
13
12
19
18
17
19
17
16
23
22
21
23
21
20
27
26
25
27
25
24
31
30
29
31
29
28
35
34
33
35
33
32
39
38
37
39
37
36
42
41
40
45
44
43
49
48
47
49
47
46
53
52
51
53
51
50
57
56
55
57
55
54
61
60
59
61
59
58
64
63
62
68
67
66
68
66
65
72
71
70
72
70
69
76
75
74
76
74
73
80
79
78
80
78
77
84
83
82
84
82
81
88
87
86
88
86
85
91
90
89
95
94
93
95
93
92
98
97
96
102
101
100
102
100
99
106
105
104
106
104
103
110
109
108
110
108
107
114
113
112
114
112
111
117
116
115
120
119
118
123
122
121
127
126
125
127
125
124
131
130
129
131
129
128
134
133
132
138
137
136
138
136
135
141
140
139
144
143
142
148
147
146
148
146
145
151
150
149
154
153
152
157
156
155
161
160
159
161
159
158
164
163
162
168
167
166
168
166
165
171
170
169
175
174
173
175
173
172
179
178
177
179
177
176
182
181
180
186
185
184
186
184
183
189
188
187
193
192
191
193
191
190
197
196
195
197
195
194
200
199
198
204
203
202
204
202
201
208
207
206
208
206
205
212
211
210
212
210
209
216
215
214
216
214
213
220
219
218
220
218
217
224
223
222
224
222
221
228
227
226
228
226
225
231
230
229
235
234
233
235
233
232
238
237
236
241
240
239
245
244
243
245
243
242
249
248
247
249
247
246
252
251
250
256
255
254
256
254
253
260
259
258
260
258
257
264
263
262
264
262
261
268
267
266
268
266
265
271
270
269
274
273
272
278
277
276
278
276
275
282
281
280
282
280
279
286
285
284
286
284
283
290
289
288
290
288
287
294
293
292
294
292
291
298
297
296
298
296
295
302
301
300
302
300
299
306
305
304
306
304
303
310
309
308
310
308
307
313
312
311
316
315
314
320
319
318
320
318
317
324
323
322
324
322
321
328
327
326
328
326
325
332
331
330
332
330
329
336
335
334
336
334
333
339
338
337
342
341
340
346
345
344
346
344
343
349
348
347
353
352
351
353
351
350
356
355
354
360
359
358
360
358
357
363
362
361
367
366
365
367
365
364
371
370
369
371
369
368
375
374
373
375
373
372
379
378
377
379
377
376
383
382
381
383
381
380
387
386
385
387
385
384
391
390
389
391
389
388
395
394
393
395
393
392
398
397
396
401
400
399
405
404
403
405
403
402
409
408
407
409
407
406
413
412
411
413
411
410
418
417
416
418
416
415
418
415
414
421
420
419
425
424
423
425
423
422
428
427
426
431
430
429
434
433
432
438
437
436
438
436
435
444
443
442
444
442
441
444
441
440
444
440
439
450
449
448
450
448
447
450
447
446
450
446
445
454
453
452
454
452
451
457
456
455
460
459
458
463
462
461
467
466
465
467
465
464
471
470
469
471
469
468
475
474
473
475
473
472
479
478
477
479
477
476
483
482
481
483
481
480
487
486
485
487
485
484
491
490
489
491
489
488
495
494
493
495
493
492
499
498
497
499
497
496
503
502
501
503
501
500
507
506
505
507
505
504
511
510
509
511
509
508
514
513
512
517
516
515
521
520
519
521
519
518
525
524
523
525
523
522
529
528
527
529
527
526
533
532
531
533
531
530
536
535
534
540
539
538
540
538
537
544
543
542
544
542
541
548
547
546
548
546
545
552
551
550
552
550
549
556
555
554
556
554
553
560
559
558
560
558
557
563
562
561
567
566
565
567
565
564
570
569
568
574
573
572
574
572
571
578
577
576
578
576
575
582
581
580
582
580
579
586
585
584
586
584
583
589
588
587
592
591
590
595
594
593
599
598
597
599
597
596
603
602
601
603
601
600
606
605
604
610
609
608
610
608
607
613
612
611
616
615
614
620
619
618
620
618
617
623
622
621
626
625
624
629
628
627
633
632
631
633
631
630
636
635
634
640
639
638
640
638
637
643
642
641
647
646
645
647
645
644
651
650
649
651
649
648
654
653
652
658
657
656
658
656
655
661
660
659
665
664
663
665
663
662
669
668
667
669
667
666
672
671
670
676
675
674
676
674
673
680
679
678
680
678
677
684
683
682
684
682
681
688
687
686
688
686
685
692
691
690
692
690
689
696
695
694
696
694
693
700
699
698
700
698
697
703
702
701
707
706
705
707
705
704
710
709
708
713
712
711
717
716
715
717
715
714
721
720
719
721
719
718
724
723
722
728
727
726
728
726
725
732
731
730
732
730
729
736
735
734
736
734
733
740
739
738
740
738
737
743
742
741
746
745
744
750
749
748
750
748
747
754
753
752
754
752
751
758
757
756
758
756
755
762
761
760
762
760
759
766
765
764
766
764
763
770
769
768
770
768
767
774
773
772
774
772
771
778
777
776
778
776
775
782
781
780
782
780
779
785
784
783
788
787
786
792
791
790
792
790
789
796
795
794
796
794
793
800
799
798
800
798
797
804
803
802
804
802
801
808
807
806
808
806
805
811
810
809
815
814
813
815
813
812
818
817
816
822
821
820
822
820
819
825
824
823
829
828
827
829
827
826
832
831
830
836
835
834
836
834
833
840
839
838
840
838
837
844
843
842
844
842
841
848
847
846
848
846
845
852
851
850
852
850
849
856
855
854
856
854
853
859
858
857
862
861
860
866
865
864
866
864
863
870
869
868
870
868
867
874
873
872
874
872
871
879
878
877
879
877
876
879
876
875
882
881
880
886
885
884
886
884
883
889
888
887
892
891
890
895
894
893
899
898
897
899
897
896
905
904
903
905
903
902
905
902
901
905
901
900
911
910
909
911
909
908
911
908
907
911
907
906
915
914
913
915
913
912
918
917
916
921
920
919
924
923
922
928
927
926
928
926
925
932
931
930
932
930
929
936
935
934
936
934
933
940
939
938
940
938
937
944
943
942
944
942
941
948
947
946
948
946
945
952
951
950
952
950
949
956
955
954
956
954
953
960
959
958
960
958
957
964
963
962
964
962
961
968
967
966
968
966
965
972
971
970
972
970
969
975
974
973
978
977
976
982
981
980
982
980
979
986
985
984
986
984
983
990
989
988
990
988
987
994
993
992
994
992
991
998
997
996
998
996
995
1002
1001
1000
1002
1000
999
1006
1005
1004
1006
1004
1003
1010
1009
1008
1010
1008
1007
1014
1013
1012
1014
1012
1011
1018
1017
1016
1018
1016
1015
1022
1021
1020
1022
1020
1019
1025
1024
1023
1028
1027
1026
1032
1031
1030
1032
1030
1029
2
1.000000 
1.000000 1.000000 1.000000 
0.500000 0.500000 0.500000 
96.078430 
0.000000 0.000000 0.000000 
0.000000 0.000000 0.000000 
assets/Red.tga 
0.000000 
0.802632 0.633360 0.613253 
0.500000 0.500000 0.500000 
96.078430 
0.000000 0.000000 0.000000 
0.000000 0.000000 0.000000 
assets/FeedIn.png 
2
0 
1293 
0 
431 
0 
933 
1 
144 
431 
48 
933 
100 
