708
-14.999999 0.000000 -14.999999 
0.000000 1.000000 0.000000 
0.000000 1.000000 
-11.999999 0.000000 -11.999999 
0.000000 1.000000 0.000000 
0.100000 0.900000 
-14.999999 0.000000 -11.999999 
0.000000 1.000000 0.000000 
0.000000 0.900000 
-14.999999 0.000000 -14.999999 
0.000000 1.000000 0.000000 
0.000000 1.000000 
-11.999999 0.000000 -14.999999 
0.000000 1.000000 0.000000 
0.100000 1.000000 
-11.999999 0.000000 -11.999999 
0.000000 1.000000 0.000000 
0.100000 0.900000 
-11.999999 0.000000 -14.999999 
0.000000 1.000000 0.000000 
0.100000 1.000000 
-8.999999 0.000000 -11.999999 
0.000000 1.000000 0.000000 
0.200000 0.900000 
-11.999999 0.000000 -11.999999 
0.000000 1.000000 0.000000 
0.100000 0.900000 
-11.999999 0.000000 -14.999999 
0.000000 1.000000 0.000000 
0.100000 1.000000 
-8.999999 0.000000 -14.999999 
0.000000 1.000000 0.000000 
0.200000 1.000000 
-8.999999 0.000000 -11.999999 
0.000000 1.000000 0.000000 
0.200000 0.900000 
-8.999999 0.000000 -14.999999 
0.000000 1.000000 0.000000 
0.200000 1.000000 
-5.999999 0.000000 -11.999999 
0.000000 1.000000 0.000000 
0.300000 0.900000 
-8.999999 0.000000 -11.999999 
0.000000 1.000000 0.000000 
0.200000 0.900000 
-8.999999 0.000000 -14.999999 
0.000000 1.000000 0.000000 
0.200000 1.000000 
-5.999999 0.000000 -14.999999 
0.000000 1.000000 0.000000 
0.300000 1.000000 
-5.999999 0.000000 -11.999999 
0.000000 1.000000 0.000000 
0.300000 0.900000 
-5.999999 0.000000 -14.999999 
0.000000 1.000000 0.000000 
0.300000 1.000000 
-3.000000 0.000000 -11.999999 
0.000000 1.000000 0.000000 
0.400000 0.900000 
-5.999999 0.000000 -11.999999 
0.000000 1.000000 0.000000 
0.300000 0.900000 
-5.999999 0.000000 -14.999999 
0.000000 1.000000 0.000000 
0.300000 1.000000 
-3.000000 0.000000 -14.999999 
0.000000 1.000000 0.000000 
0.400000 1.000000 
-3.000000 0.000000 -11.999999 
0.000000 1.000000 0.000000 
0.400000 0.900000 
-3.000000 0.000000 -14.999999 
0.000000 1.000000 0.000000 
0.400000 1.000000 
0.000000 0.000000 -11.999999 
0.000000 1.000000 0.000000 
0.500000 0.900000 
-3.000000 0.000000 -11.999999 
0.000000 1.000000 0.000000 
0.400000 0.900000 
-3.000000 0.000000 -14.999999 
0.000000 1.000000 0.000000 
0.400000 1.000000 
0.000000 0.000000 -14.999999 
0.000000 1.000000 0.000000 
0.500000 1.000000 
0.000000 0.000000 -11.999999 
0.000000 1.000000 0.000000 
0.500000 0.900000 
0.000000 0.000000 -14.999999 
0.000000 1.000000 0.000000 
0.500000 1.000000 
3.000000 0.000000 -11.999999 
0.000000 1.000000 0.000000 
0.600000 0.900000 
0.000000 0.000000 -11.999999 
0.000000 1.000000 0.000000 
0.500000 0.900000 
0.000000 0.000000 -14.999999 
0.000000 1.000000 0.000000 
0.500000 1.000000 
3.000000 0.000000 -14.999999 
0.000000 1.000000 0.000000 
0.600000 1.000000 
3.000000 0.000000 -11.999999 
0.000000 1.000000 0.000000 
0.600000 0.900000 
3.000000 0.000000 -14.999999 
0.000000 1.000000 0.000000 
0.600000 1.000000 
5.999999 0.000000 -11.999999 
0.000000 1.000000 0.000000 
0.700000 0.900000 
3.000000 0.000000 -11.999999 
0.000000 1.000000 0.000000 
0.600000 0.900000 
3.000000 0.000000 -14.999999 
0.000000 1.000000 0.000000 
0.600000 1.000000 
5.999999 0.000000 -14.999999 
0.000000 1.000000 0.000000 
0.700000 1.000000 
5.999999 0.000000 -11.999999 
0.000000 1.000000 0.000000 
0.700000 0.900000 
5.999999 0.000000 -14.999999 
0.000000 1.000000 0.000000 
0.700000 1.000000 
8.999999 0.000000 -11.999999 
0.000000 1.000000 0.000000 
0.800000 0.900000 
5.999999 0.000000 -11.999999 
0.000000 1.000000 0.000000 
0.700000 0.900000 
5.999999 0.000000 -14.999999 
0.000000 1.000000 0.000000 
0.700000 1.000000 
8.999999 0.000000 -14.999999 
0.000000 1.000000 0.000000 
0.800000 1.000000 
8.999999 0.000000 -11.999999 
0.000000 1.000000 0.000000 
0.800000 0.900000 
8.999999 0.000000 -14.999999 
0.000000 1.000000 0.000000 
0.800000 1.000000 
12.000001 0.000000 -11.999999 
0.000000 1.000000 0.000000 
0.900000 0.900000 
8.999999 0.000000 -11.999999 
0.000000 1.000000 0.000000 
0.800000 0.900000 
8.999999 0.000000 -14.999999 
0.000000 1.000000 0.000000 
0.800000 1.000000 
12.000001 0.000000 -14.999999 
0.000000 1.000000 0.000000 
0.900000 1.000000 
12.000001 0.000000 -11.999999 
0.000000 1.000000 0.000000 
0.900000 0.900000 
12.000001 0.000000 -14.999999 
0.000000 1.000000 0.000000 
0.900000 1.000000 
14.999999 0.000000 -11.999999 
0.000000 1.000000 0.000000 
1.000000 0.900000 
12.000001 0.000000 -11.999999 
0.000000 1.000000 0.000000 
0.900000 0.900000 
12.000001 0.000000 -14.999999 
0.000000 1.000000 0.000000 
0.900000 1.000000 
14.999999 0.000000 -14.999999 
0.000000 1.000000 0.000000 
1.000000 1.000000 
14.999999 0.000000 -11.999999 
0.000000 1.000000 0.000000 
1.000000 0.900000 
-5.999999 0.000000 -11.999999 
0.000000 1.000000 0.000000 
0.300000 0.900000 
-3.000000 0.000000 -11.999999 
0.000000 1.000000 0.000000 
0.400000 0.900000 
-3.000000 0.000000 -8.999999 
0.000000 1.000000 0.000000 
0.400000 0.800000 
-3.000000 0.000000 -11.999999 
0.000000 1.000000 0.000000 
0.400000 0.900000 
0.000000 0.000000 -8.999999 
0.000000 1.000000 0.000000 
0.500000 0.800000 
-3.000000 0.000000 -8.999999 
0.000000 1.000000 0.000000 
0.400000 0.800000 
-3.000000 0.000000 -11.999999 
0.000000 1.000000 0.000000 
0.400000 0.900000 
0.000000 0.000000 -11.999999 
0.000000 1.000000 0.000000 
0.500000 0.900000 
0.000000 0.000000 -8.999999 
0.000000 1.000000 0.000000 
0.500000 0.800000 
0.000000 0.000000 -11.999999 
0.000000 1.000000 0.000000 
0.500000 0.900000 
3.000000 0.000000 -8.999999 
0.000000 1.000000 0.000000 
0.600000 0.800000 
0.000000 0.000000 -8.999999 
0.000000 1.000000 0.000000 
0.500000 0.800000 
0.000000 0.000000 -11.999999 
0.000000 1.000000 0.000000 
0.500000 0.900000 
3.000000 0.000000 -11.999999 
0.000000 1.000000 0.000000 
0.600000 0.900000 
3.000000 0.000000 -8.999999 
0.000000 1.000000 0.000000 
0.600000 0.800000 
3.000000 0.000000 -11.999999 
0.000000 1.000000 0.000000 
0.600000 0.900000 
5.999999 0.000000 -8.999999 
0.000000 1.000000 0.000000 
0.700000 0.800000 
3.000000 0.000000 -8.999999 
0.000000 1.000000 0.000000 
0.600000 0.800000 
3.000000 0.000000 -11.999999 
0.000000 1.000000 0.000000 
0.600000 0.900000 
5.999999 0.000000 -11.999999 
0.000000 1.000000 0.000000 
0.700000 0.900000 
5.999999 0.000000 -8.999999 
0.000000 1.000000 0.000000 
0.700000 0.800000 
5.999999 0.000000 -11.999999 
0.000000 1.000000 0.000000 
0.700000 0.900000 
8.999999 0.000000 -8.999999 
0.000000 1.000000 0.000000 
0.800000 0.800000 
5.999999 0.000000 -8.999999 
0.000000 1.000000 0.000000 
0.700000 0.800000 
5.999999 0.000000 -11.999999 
0.000000 1.000000 0.000000 
0.700000 0.900000 
8.999999 0.000000 -11.999999 
0.000000 1.000000 0.000000 
0.800000 0.900000 
8.999999 0.000000 -8.999999 
0.000000 1.000000 0.000000 
0.800000 0.800000 
8.999999 0.000000 -11.999999 
0.000000 1.000000 0.000000 
0.800000 0.900000 
12.000001 0.000000 -8.999999 
0.000000 1.000000 0.000000 
0.900000 0.800000 
8.999999 0.000000 -8.999999 
0.000000 1.000000 0.000000 
0.800000 0.800000 
8.999999 0.000000 -11.999999 
0.000000 1.000000 0.000000 
0.800000 0.900000 
12.000001 0.000000 -11.999999 
0.000000 1.000000 0.000000 
0.900000 0.900000 
12.000001 0.000000 -8.999999 
0.000000 1.000000 0.000000 
0.900000 0.800000 
12.000001 0.000000 -11.999999 
0.000000 1.000000 0.000000 
0.900000 0.900000 
14.999999 0.000000 -8.999999 
0.000000 1.000000 0.000000 
1.000000 0.800000 
12.000001 0.000000 -8.999999 
0.000000 1.000000 0.000000 
0.900000 0.800000 
12.000001 0.000000 -11.999999 
0.000000 1.000000 0.000000 
0.900000 0.900000 
14.999999 0.000000 -11.999999 
0.000000 1.000000 0.000000 
1.000000 0.900000 
14.999999 0.000000 -8.999999 
0.000000 1.000000 0.000000 
1.000000 0.800000 
-3.000000 0.000000 -8.999999 
0.000000 1.000000 0.000000 
0.400000 0.800000 
0.000000 0.000000 -8.999999 
0.000000 1.000000 0.000000 
0.500000 0.800000 
0.000000 0.000000 -5.999999 
0.000000 1.000000 0.000000 
0.500000 0.700000 
-3.000000 0.000000 -8.999999 
0.000000 1.000000 0.000000 
0.400000 0.800000 
0.000000 0.000000 -5.999999 
0.000000 1.000000 0.000000 
0.500000 0.700000 
-3.000000 0.000000 -5.999999 
0.000000 1.000000 0.000000 
0.400000 0.700000 
-5.999999 0.000000 -8.999999 
0.000000 1.000000 0.000000 
0.300000 0.800000 
-3.000000 0.000000 -8.999999 
0.000000 1.000000 0.000000 
0.400000 0.800000 
-3.000000 0.000000 -5.999999 
0.000000 1.000000 0.000000 
0.400000 0.700000 
-5.999999 0.000000 -11.999999 
0.000000 1.000000 0.000000 
0.300000 0.900000 
-3.000000 0.000000 -8.999999 
0.000000 1.000000 0.000000 
0.400000 0.800000 
-5.999999 0.000000 -8.999999 
0.000000 1.000000 0.000000 
0.300000 0.800000 
-8.999999 0.000000 -11.999999 
0.000000 1.000000 0.000000 
0.200000 0.900000 
-5.999999 0.000000 -11.999999 
0.000000 1.000000 0.000000 
0.300000 0.900000 
-5.999999 0.000000 -8.999999 
0.000000 1.000000 0.000000 
0.300000 0.800000 
-8.999999 0.000000 -11.999999 
0.000000 1.000000 0.000000 
0.200000 0.900000 
-5.999999 0.000000 -8.999999 
0.000000 1.000000 0.000000 
0.300000 0.800000 
-8.999999 0.000000 -8.999999 
0.000000 1.000000 0.000000 
0.200000 0.800000 
-11.999999 0.000000 -11.999999 
0.000000 1.000000 0.000000 
0.100000 0.900000 
-8.999999 0.000000 -11.999999 
0.000000 1.000000 0.000000 
0.200000 0.900000 
-8.999999 0.000000 -8.999999 
0.000000 1.000000 0.000000 
0.200000 0.800000 
-11.999999 0.000000 -11.999999 
0.000000 1.000000 0.000000 
0.100000 0.900000 
-8.999999 0.000000 -8.999999 
0.000000 1.000000 0.000000 
0.200000 0.800000 
-11.999999 0.000000 -8.999999 
0.000000 1.000000 0.000000 
0.100000 0.800000 
-14.999999 0.000000 -11.999999 
0.000000 1.000000 0.000000 
0.000000 0.900000 
-11.999999 0.000000 -11.999999 
0.000000 1.000000 0.000000 
0.100000 0.900000 
-11.999999 0.000000 -8.999999 
0.000000 1.000000 0.000000 
0.100000 0.800000 
-14.999999 0.000000 -11.999999 
0.000000 1.000000 0.000000 
0.000000 0.900000 
-11.999999 0.000000 -8.999999 
0.000000 1.000000 0.000000 
0.100000 0.800000 
-14.999999 0.000000 -8.999999 
0.000000 1.000000 0.000000 
0.000000 0.800000 
-14.999999 0.000000 -8.999999 
0.000000 1.000000 0.000000 
0.000000 0.800000 
-11.999999 0.000000 -8.999999 
0.000000 1.000000 0.000000 
0.100000 0.800000 
-11.999999 0.000000 -5.999999 
0.000000 1.000000 0.000000 
0.100000 0.700000 
-14.999999 0.000000 -8.999999 
0.000000 1.000000 0.000000 
0.000000 0.800000 
-11.999999 0.000000 -5.999999 
0.000000 1.000000 0.000000 
0.100000 0.700000 
-14.999999 0.000000 -5.999999 
0.000000 1.000000 0.000000 
0.000000 0.700000 
-11.999999 0.000000 -8.999999 
0.000000 1.000000 0.000000 
0.100000 0.800000 
-8.999999 0.000000 -5.999999 
0.000000 1.000000 0.000000 
0.200000 0.700000 
-11.999999 0.000000 -5.999999 
0.000000 1.000000 0.000000 
0.100000 0.700000 
-11.999999 0.000000 -8.999999 
0.000000 1.000000 0.000000 
0.100000 0.800000 
-8.999999 0.000000 -8.999999 
0.000000 1.000000 0.000000 
0.200000 0.800000 
-8.999999 0.000000 -5.999999 
0.000000 1.000000 0.000000 
0.200000 0.700000 
-8.999999 0.000000 -8.999999 
0.000000 1.000000 0.000000 
0.200000 0.800000 
-5.999999 0.000000 -5.999999 
0.000000 1.000000 0.000000 
0.300000 0.700000 
-8.999999 0.000000 -5.999999 
0.000000 1.000000 0.000000 
0.200000 0.700000 
-8.999999 0.000000 -8.999999 
0.000000 1.000000 0.000000 
0.200000 0.800000 
-5.999999 0.000000 -8.999999 
0.000000 1.000000 0.000000 
0.300000 0.800000 
-5.999999 0.000000 -5.999999 
0.000000 1.000000 0.000000 
0.300000 0.700000 
-5.999999 0.000000 -8.999999 
0.000000 1.000000 0.000000 
0.300000 0.800000 
-3.000000 0.000000 -5.999999 
0.000000 1.000000 0.000000 
0.400000 0.700000 
-5.999999 0.000000 -5.999999 
0.000000 1.000000 0.000000 
0.300000 0.700000 
12.000001 0.000000 -8.999999 
0.000000 1.000000 0.000000 
0.900000 0.800000 
14.999999 0.000000 -8.999999 
0.000000 1.000000 0.000000 
1.000000 0.800000 
14.999999 0.000000 -5.999999 
0.000000 1.000000 0.000000 
1.000000 0.700000 
-14.999999 0.000000 -5.999999 
0.000000 1.000000 0.000000 
0.000000 0.700000 
-11.999999 0.000000 -5.999999 
0.000000 1.000000 0.000000 
0.100000 0.700000 
-11.999999 0.000000 -3.000000 
0.000000 1.000000 0.000000 
0.100000 0.600000 
-14.999999 0.000000 -5.999999 
0.000000 1.000000 0.000000 
0.000000 0.700000 
-11.999999 0.000000 -3.000000 
0.000000 1.000000 0.000000 
0.100000 0.600000 
-14.999999 0.000000 -3.000000 
0.000000 1.000000 0.000000 
0.000000 0.600000 
-11.999999 0.000000 -5.999999 
0.000000 1.000000 0.000000 
0.100000 0.700000 
-8.999999 0.000000 -3.000000 
0.000000 1.000000 0.000000 
0.200000 0.600000 
-11.999999 0.000000 -3.000000 
0.000000 1.000000 0.000000 
0.100000 0.600000 
-11.999999 0.000000 -5.999999 
0.000000 1.000000 0.000000 
0.100000 0.700000 
-8.999999 0.000000 -5.999999 
0.000000 1.000000 0.000000 
0.200000 0.700000 
-8.999999 0.000000 -3.000000 
0.000000 1.000000 0.000000 
0.200000 0.600000 
-8.999999 0.000000 -5.999999 
0.000000 1.000000 0.000000 
0.200000 0.700000 
-5.999999 0.000000 -3.000000 
0.000000 1.000000 0.000000 
0.300000 0.600000 
-8.999999 0.000000 -3.000000 
0.000000 1.000000 0.000000 
0.200000 0.600000 
-8.999999 0.000000 -5.999999 
0.000000 1.000000 0.000000 
0.200000 0.700000 
-5.999999 0.000000 -5.999999 
0.000000 1.000000 0.000000 
0.300000 0.700000 
-5.999999 0.000000 -3.000000 
0.000000 1.000000 0.000000 
0.300000 0.600000 
-5.999999 0.000000 -5.999999 
0.000000 1.000000 0.000000 
0.300000 0.700000 
-3.000000 0.000000 -3.000000 
0.000000 1.000000 0.000000 
0.400000 0.600000 
-5.999999 0.000000 -3.000000 
0.000000 1.000000 0.000000 
0.300000 0.600000 
-5.999999 0.000000 -5.999999 
0.000000 1.000000 0.000000 
0.300000 0.700000 
-3.000000 0.000000 -5.999999 
0.000000 1.000000 0.000000 
0.400000 0.700000 
-3.000000 0.000000 -3.000000 
0.000000 1.000000 0.000000 
0.400000 0.600000 
-3.000000 0.000000 -5.999999 
0.000000 1.000000 0.000000 
0.400000 0.700000 
0.000000 0.000000 -3.000000 
0.000000 1.000000 0.000000 
0.500000 0.600000 
-3.000000 0.000000 -3.000000 
0.000000 1.000000 0.000000 
0.400000 0.600000 
-3.000000 0.000000 -5.999999 
0.000000 1.000000 0.000000 
0.400000 0.700000 
0.000000 0.000000 -5.999999 
0.000000 1.000000 0.000000 
0.500000 0.700000 
0.000000 0.000000 -3.000000 
0.000000 1.000000 0.000000 
0.500000 0.600000 
0.000000 0.000000 -5.999999 
0.000000 1.000000 0.000000 
0.500000 0.700000 
3.000000 0.000000 -3.000000 
0.000000 1.000000 0.000000 
0.600000 0.600000 
0.000000 0.000000 -3.000000 
0.000000 1.000000 0.000000 
0.500000 0.600000 
0.000000 0.000000 -5.999999 
0.000000 1.000000 0.000000 
0.500000 0.700000 
3.000000 0.000000 -5.999999 
0.000000 1.000000 0.000000 
0.600000 0.700000 
3.000000 0.000000 -3.000000 
0.000000 1.000000 0.000000 
0.600000 0.600000 
0.000000 0.000000 -8.999999 
0.000000 1.000000 0.000000 
0.500000 0.800000 
3.000000 0.000000 -5.999999 
0.000000 1.000000 0.000000 
0.600000 0.700000 
0.000000 0.000000 -5.999999 
0.000000 1.000000 0.000000 
0.500000 0.700000 
0.000000 0.000000 -8.999999 
0.000000 1.000000 0.000000 
0.500000 0.800000 
3.000000 0.000000 -8.999999 
0.000000 1.000000 0.000000 
0.600000 0.800000 
3.000000 0.000000 -5.999999 
0.000000 1.000000 0.000000 
0.600000 0.700000 
3.000000 0.000000 -8.999999 
0.000000 1.000000 0.000000 
0.600000 0.800000 
5.999999 0.000000 -5.999999 
0.000000 1.000000 0.000000 
0.700000 0.700000 
3.000000 0.000000 -5.999999 
0.000000 1.000000 0.000000 
0.600000 0.700000 
3.000000 0.000000 -8.999999 
0.000000 1.000000 0.000000 
0.600000 0.800000 
5.999999 0.000000 -8.999999 
0.000000 1.000000 0.000000 
0.700000 0.800000 
5.999999 0.000000 -5.999999 
0.000000 1.000000 0.000000 
0.700000 0.700000 
5.999999 0.000000 -8.999999 
0.000000 1.000000 0.000000 
0.700000 0.800000 
8.999999 0.000000 -5.999999 
0.000000 1.000000 0.000000 
0.800000 0.700000 
5.999999 0.000000 -5.999999 
0.000000 1.000000 0.000000 
0.700000 0.700000 
5.999999 0.000000 -8.999999 
0.000000 1.000000 0.000000 
0.700000 0.800000 
8.999999 0.000000 -8.999999 
0.000000 1.000000 0.000000 
0.800000 0.800000 
8.999999 0.000000 -5.999999 
0.000000 1.000000 0.000000 
0.800000 0.700000 
8.999999 0.000000 -8.999999 
0.000000 1.000000 0.000000 
0.800000 0.800000 
12.000001 0.000000 -5.999999 
0.000000 1.000000 0.000000 
0.900000 0.700000 
8.999999 0.000000 -5.999999 
0.000000 1.000000 0.000000 
0.800000 0.700000 
8.999999 0.000000 -8.999999 
0.000000 1.000000 0.000000 
0.800000 0.800000 
12.000001 0.000000 -8.999999 
0.000000 1.000000 0.000000 
0.900000 0.800000 
12.000001 0.000000 -5.999999 
0.000000 1.000000 0.000000 
0.900000 0.700000 
12.000001 0.000000 -8.999999 
0.000000 1.000000 0.000000 
0.900000 0.800000 
14.999999 0.000000 -5.999999 
0.000000 1.000000 0.000000 
1.000000 0.700000 
12.000001 0.000000 -5.999999 
0.000000 1.000000 0.000000 
0.900000 0.700000 
3.000000 0.000000 -5.999999 
0.000000 1.000000 0.000000 
0.600000 0.700000 
5.999999 0.000000 -3.000000 
0.000000 1.000000 0.000000 
0.700000 0.600000 
3.000000 0.000000 -3.000000 
0.000000 1.000000 0.000000 
0.600000 0.600000 
3.000000 0.000000 -5.999999 
0.000000 1.000000 0.000000 
0.600000 0.700000 
5.999999 0.000000 -5.999999 
0.000000 1.000000 0.000000 
0.700000 0.700000 
5.999999 0.000000 -3.000000 
0.000000 1.000000 0.000000 
0.700000 0.600000 
5.999999 0.000000 -5.999999 
0.000000 1.000000 0.000000 
0.700000 0.700000 
8.999999 0.000000 -3.000000 
0.000000 1.000000 0.000000 
0.800000 0.600000 
5.999999 0.000000 -3.000000 
0.000000 1.000000 0.000000 
0.700000 0.600000 
5.999999 0.000000 -5.999999 
0.000000 1.000000 0.000000 
0.700000 0.700000 
8.999999 0.000000 -5.999999 
0.000000 1.000000 0.000000 
0.800000 0.700000 
8.999999 0.000000 -3.000000 
0.000000 1.000000 0.000000 
0.800000 0.600000 
8.999999 0.000000 -5.999999 
0.000000 1.000000 0.000000 
0.800000 0.700000 
12.000001 0.000000 -3.000000 
0.000000 1.000000 0.000000 
0.900000 0.600000 
8.999999 0.000000 -3.000000 
0.000000 1.000000 0.000000 
0.800000 0.600000 
8.999999 0.000000 -5.999999 
0.000000 1.000000 0.000000 
0.800000 0.700000 
12.000001 0.000000 -5.999999 
0.000000 1.000000 0.000000 
0.900000 0.700000 
12.000001 0.000000 -3.000000 
0.000000 1.000000 0.000000 
0.900000 0.600000 
12.000001 0.000000 -5.999999 
0.000000 1.000000 0.000000 
0.900000 0.700000 
14.999999 0.000000 -3.000000 
0.000000 1.000000 0.000000 
1.000000 0.600000 
12.000001 0.000000 -3.000000 
0.000000 1.000000 0.000000 
0.900000 0.600000 
12.000001 0.000000 -5.999999 
0.000000 1.000000 0.000000 
0.900000 0.700000 
14.999999 0.000000 -5.999999 
0.000000 1.000000 0.000000 
1.000000 0.700000 
14.999999 0.000000 -3.000000 
0.000000 1.000000 0.000000 
1.000000 0.600000 
3.000000 0.000000 -3.000000 
0.000000 1.000000 0.000000 
0.600000 0.600000 
5.999999 0.000000 -3.000000 
0.000000 1.000000 0.000000 
0.700000 0.600000 
5.999999 0.000000 0.000000 
0.000000 1.000000 0.000000 
0.700000 0.500000 
3.000000 0.000000 -3.000000 
0.000000 1.000000 0.000000 
0.600000 0.600000 
5.999999 0.000000 0.000000 
0.000000 1.000000 0.000000 
0.700000 0.500000 
3.000000 0.000000 0.000000 
0.000000 1.000000 0.000000 
0.600000 0.500000 
5.999999 0.000000 -3.000000 
0.000000 1.000000 0.000000 
0.700000 0.600000 
8.999999 0.000000 0.000000 
0.000000 1.000000 0.000000 
0.800000 0.500000 
5.999999 0.000000 0.000000 
0.000000 1.000000 0.000000 
0.700000 0.500000 
5.999999 0.000000 -3.000000 
0.000000 1.000000 0.000000 
0.700000 0.600000 
8.999999 0.000000 -3.000000 
0.000000 1.000000 0.000000 
0.800000 0.600000 
8.999999 0.000000 0.000000 
0.000000 1.000000 0.000000 
0.800000 0.500000 
8.999999 0.000000 -3.000000 
0.000000 1.000000 0.000000 
0.800000 0.600000 
12.000001 0.000000 0.000000 
0.000000 1.000000 0.000000 
0.900000 0.500000 
8.999999 0.000000 0.000000 
0.000000 1.000000 0.000000 
0.800000 0.500000 
8.999999 0.000000 -3.000000 
0.000000 1.000000 0.000000 
0.800000 0.600000 
12.000001 0.000000 -3.000000 
0.000000 1.000000 0.000000 
0.900000 0.600000 
12.000001 0.000000 0.000000 
0.000000 1.000000 0.000000 
0.900000 0.500000 
12.000001 0.000000 -3.000000 
0.000000 1.000000 0.000000 
0.900000 0.600000 
14.999999 0.000000 0.000000 
0.000000 1.000000 0.000000 
1.000000 0.500000 
12.000001 0.000000 0.000000 
0.000000 1.000000 0.000000 
0.900000 0.500000 
12.000001 0.000000 -3.000000 
0.000000 1.000000 0.000000 
0.900000 0.600000 
14.999999 0.000000 -3.000000 
0.000000 1.000000 0.000000 
1.000000 0.600000 
14.999999 0.000000 0.000000 
0.000000 1.000000 0.000000 
1.000000 0.500000 
3.000000 0.000000 0.000000 
0.000000 1.000000 0.000000 
0.600000 0.500000 
5.999999 0.000000 0.000000 
0.000000 1.000000 0.000000 
0.700000 0.500000 
5.999999 0.000000 3.000000 
0.000000 1.000000 0.000000 
0.700000 0.400000 
3.000000 0.000000 0.000000 
0.000000 1.000000 0.000000 
0.600000 0.500000 
5.999999 0.000000 3.000000 
0.000000 1.000000 0.000000 
0.700000 0.400000 
3.000000 0.000000 3.000000 
0.000000 1.000000 0.000000 
0.600000 0.400000 
0.000000 0.000000 0.000000 
0.000000 1.000000 0.000000 
0.500000 0.500000 
3.000000 0.000000 0.000000 
0.000000 1.000000 0.000000 
0.600000 0.500000 
3.000000 0.000000 3.000000 
0.000000 1.000000 0.000000 
0.600000 0.400000 
0.000000 0.000000 -3.000000 
0.000000 1.000000 0.000000 
0.500000 0.600000 
3.000000 0.000000 0.000000 
0.000000 1.000000 0.000000 
0.600000 0.500000 
0.000000 0.000000 0.000000 
0.000000 1.000000 0.000000 
0.500000 0.500000 
-3.000000 0.000000 -3.000000 
0.000000 1.000000 0.000000 
0.400000 0.600000 
0.000000 0.000000 -3.000000 
0.000000 1.000000 0.000000 
0.500000 0.600000 
0.000000 0.000000 0.000000 
0.000000 1.000000 0.000000 
0.500000 0.500000 
-3.000000 0.000000 -3.000000 
0.000000 1.000000 0.000000 
0.400000 0.600000 
0.000000 0.000000 0.000000 
0.000000 1.000000 0.000000 
0.500000 0.500000 
-3.000000 0.000000 0.000000 
0.000000 1.000000 0.000000 
0.400000 0.500000 
-5.999999 0.000000 -3.000000 
0.000000 1.000000 0.000000 
0.300000 0.600000 
-3.000000 0.000000 -3.000000 
0.000000 1.000000 0.000000 
0.400000 0.600000 
-3.000000 0.000000 0.000000 
0.000000 1.000000 0.000000 
0.400000 0.500000 
-5.999999 0.000000 -3.000000 
0.000000 1.000000 0.000000 
0.300000 0.600000 
-3.000000 0.000000 0.000000 
0.000000 1.000000 0.000000 
0.400000 0.500000 
-5.999999 0.000000 0.000000 
0.000000 1.000000 0.000000 
0.300000 0.500000 
-8.999999 0.000000 -3.000000 
0.000000 1.000000 0.000000 
0.200000 0.600000 
-5.999999 0.000000 -3.000000 
0.000000 1.000000 0.000000 
0.300000 0.600000 
-5.999999 0.000000 0.000000 
0.000000 1.000000 0.000000 
0.300000 0.500000 
-8.999999 0.000000 -3.000000 
0.000000 1.000000 0.000000 
0.200000 0.600000 
-5.999999 0.000000 0.000000 
0.000000 1.000000 0.000000 
0.300000 0.500000 
-8.999999 0.000000 0.000000 
0.000000 1.000000 0.000000 
0.200000 0.500000 
-11.999999 0.000000 -3.000000 
0.000000 1.000000 0.000000 
0.100000 0.600000 
-8.999999 0.000000 -3.000000 
0.000000 1.000000 0.000000 
0.200000 0.600000 
-8.999999 0.000000 0.000000 
0.000000 1.000000 0.000000 
0.200000 0.500000 
-11.999999 0.000000 -3.000000 
0.000000 1.000000 0.000000 
0.100000 0.600000 
-8.999999 0.000000 0.000000 
0.000000 1.000000 0.000000 
0.200000 0.500000 
-11.999999 0.000000 0.000000 
0.000000 1.000000 0.000000 
0.100000 0.500000 
-14.999999 0.000000 -3.000000 
0.000000 1.000000 0.000000 
0.000000 0.600000 
-11.999999 0.000000 -3.000000 
0.000000 1.000000 0.000000 
0.100000 0.600000 
-11.999999 0.000000 0.000000 
0.000000 1.000000 0.000000 
0.100000 0.500000 
-14.999999 0.000000 -3.000000 
0.000000 1.000000 0.000000 
0.000000 0.600000 
-11.999999 0.000000 0.000000 
0.000000 1.000000 0.000000 
0.100000 0.500000 
-14.999999 0.000000 0.000000 
0.000000 1.000000 0.000000 
0.000000 0.500000 
-14.999999 0.000000 0.000000 
0.000000 1.000000 0.000000 
0.000000 0.500000 
-11.999999 0.000000 0.000000 
0.000000 1.000000 0.000000 
0.100000 0.500000 
-11.999999 0.000000 3.000000 
0.000000 1.000000 0.000000 
0.100000 0.400000 
-14.999999 0.000000 0.000000 
0.000000 1.000000 0.000000 
0.000000 0.500000 
-11.999999 0.000000 3.000000 
0.000000 1.000000 0.000000 
0.100000 0.400000 
-14.999999 0.000000 3.000000 
0.000000 1.000000 0.000000 
0.000000 0.400000 
-11.999999 0.000000 0.000000 
0.000000 1.000000 0.000000 
0.100000 0.500000 
-8.999999 0.000000 3.000000 
0.000000 1.000000 0.000000 
0.200000 0.400000 
-11.999999 0.000000 3.000000 
0.000000 1.000000 0.000000 
0.100000 0.400000 
-11.999999 0.000000 0.000000 
0.000000 1.000000 0.000000 
0.100000 0.500000 
-8.999999 0.000000 0.000000 
0.000000 1.000000 0.000000 
0.200000 0.500000 
-8.999999 0.000000 3.000000 
0.000000 1.000000 0.000000 
0.200000 0.400000 
-8.999999 0.000000 0.000000 
0.000000 1.000000 0.000000 
0.200000 0.500000 
-5.999999 0.000000 3.000000 
0.000000 1.000000 0.000000 
0.300000 0.400000 
-8.999999 0.000000 3.000000 
0.000000 1.000000 0.000000 
0.200000 0.400000 
-8.999999 0.000000 0.000000 
0.000000 1.000000 0.000000 
0.200000 0.500000 
-5.999999 0.000000 0.000000 
0.000000 1.000000 0.000000 
0.300000 0.500000 
-5.999999 0.000000 3.000000 
0.000000 1.000000 0.000000 
0.300000 0.400000 
-5.999999 0.000000 0.000000 
0.000000 1.000000 0.000000 
0.300000 0.500000 
-3.000000 0.000000 3.000000 
0.000000 1.000000 0.000000 
0.400000 0.400000 
-5.999999 0.000000 3.000000 
0.000000 1.000000 0.000000 
0.300000 0.400000 
-5.999999 0.000000 0.000000 
0.000000 1.000000 0.000000 
0.300000 0.500000 
-3.000000 0.000000 0.000000 
0.000000 1.000000 0.000000 
0.400000 0.500000 
-3.000000 0.000000 3.000000 
0.000000 1.000000 0.000000 
0.400000 0.400000 
-3.000000 0.000000 0.000000 
0.000000 1.000000 0.000000 
0.400000 0.500000 
0.000000 0.000000 3.000000 
0.000000 1.000000 0.000000 
0.500000 0.400000 
-3.000000 0.000000 3.000000 
0.000000 1.000000 0.000000 
0.400000 0.400000 
-3.000000 0.000000 0.000000 
0.000000 1.000000 0.000000 
0.400000 0.500000 
0.000000 0.000000 0.000000 
0.000000 1.000000 0.000000 
0.500000 0.500000 
0.000000 0.000000 3.000000 
0.000000 1.000000 0.000000 
0.500000 0.400000 
0.000000 0.000000 0.000000 
0.000000 1.000000 0.000000 
0.500000 0.500000 
3.000000 0.000000 3.000000 
0.000000 1.000000 0.000000 
0.600000 0.400000 
0.000000 0.000000 3.000000 
0.000000 1.000000 0.000000 
0.500000 0.400000 
-14.999999 0.000000 3.000000 
0.000000 1.000000 0.000000 
0.000000 0.400000 
-11.999999 0.000000 3.000000 
0.000000 1.000000 0.000000 
0.100000 0.400000 
-11.999999 0.000000 5.999999 
0.000000 1.000000 0.000000 
0.100000 0.300000 
-14.999999 0.000000 3.000000 
0.000000 1.000000 0.000000 
0.000000 0.400000 
-11.999999 0.000000 5.999999 
0.000000 1.000000 0.000000 
0.100000 0.300000 
-14.999999 0.000000 5.999999 
0.000000 1.000000 0.000000 
0.000000 0.300000 
-11.999999 0.000000 3.000000 
0.000000 1.000000 0.000000 
0.100000 0.400000 
-8.999999 0.000000 5.999999 
0.000000 1.000000 0.000000 
0.200000 0.300000 
-11.999999 0.000000 5.999999 
0.000000 1.000000 0.000000 
0.100000 0.300000 
-11.999999 0.000000 3.000000 
0.000000 1.000000 0.000000 
0.100000 0.400000 
-8.999999 0.000000 3.000000 
0.000000 1.000000 0.000000 
0.200000 0.400000 
-8.999999 0.000000 5.999999 
0.000000 1.000000 0.000000 
0.200000 0.300000 
-8.999999 0.000000 3.000000 
0.000000 1.000000 0.000000 
0.200000 0.400000 
-5.999999 0.000000 5.999999 
0.000000 1.000000 0.000000 
0.300000 0.300000 
-8.999999 0.000000 5.999999 
0.000000 1.000000 0.000000 
0.200000 0.300000 
-8.999999 0.000000 3.000000 
0.000000 1.000000 0.000000 
0.200000 0.400000 
-5.999999 0.000000 3.000000 
0.000000 1.000000 0.000000 
0.300000 0.400000 
-5.999999 0.000000 5.999999 
0.000000 1.000000 0.000000 
0.300000 0.300000 
-5.999999 0.000000 3.000000 
0.000000 1.000000 0.000000 
0.300000 0.400000 
-3.000000 0.000000 5.999999 
0.000000 1.000000 0.000000 
0.400000 0.300000 
-5.999999 0.000000 5.999999 
0.000000 1.000000 0.000000 
0.300000 0.300000 
-5.999999 0.000000 3.000000 
0.000000 1.000000 0.000000 
0.300000 0.400000 
-3.000000 0.000000 3.000000 
0.000000 1.000000 0.000000 
0.400000 0.400000 
-3.000000 0.000000 5.999999 
0.000000 1.000000 0.000000 
0.400000 0.300000 
-3.000000 0.000000 3.000000 
0.000000 1.000000 0.000000 
0.400000 0.400000 
0.000000 0.000000 5.999999 
0.000000 1.000000 0.000000 
0.500000 0.300000 
-3.000000 0.000000 5.999999 
0.000000 1.000000 0.000000 
0.400000 0.300000 
-3.000000 0.000000 3.000000 
0.000000 1.000000 0.000000 
0.400000 0.400000 
0.000000 0.000000 3.000000 
0.000000 1.000000 0.000000 
0.500000 0.400000 
0.000000 0.000000 5.999999 
0.000000 1.000000 0.000000 
0.500000 0.300000 
0.000000 0.000000 3.000000 
0.000000 1.000000 0.000000 
0.500000 0.400000 
3.000000 0.000000 5.999999 
0.000000 1.000000 0.000000 
0.600000 0.300000 
0.000000 0.000000 5.999999 
0.000000 1.000000 0.000000 
0.500000 0.300000 
0.000000 0.000000 3.000000 
0.000000 1.000000 0.000000 
0.500000 0.400000 
3.000000 0.000000 3.000000 
0.000000 1.000000 0.000000 
0.600000 0.400000 
3.000000 0.000000 5.999999 
0.000000 1.000000 0.000000 
0.600000 0.300000 
3.000000 0.000000 3.000000 
0.000000 1.000000 0.000000 
0.600000 0.400000 
5.999999 0.000000 5.999999 
0.000000 1.000000 0.000000 
0.700000 0.300000 
3.000000 0.000000 5.999999 
0.000000 1.000000 0.000000 
0.600000 0.300000 
3.000000 0.000000 3.000000 
0.000000 1.000000 0.000000 
0.600000 0.400000 
5.999999 0.000000 3.000000 
0.000000 1.000000 0.000000 
0.700000 0.400000 
5.999999 0.000000 5.999999 
0.000000 1.000000 0.000000 
0.700000 0.300000 
5.999999 0.000000 3.000000 
0.000000 1.000000 0.000000 
0.700000 0.400000 
8.999999 0.000000 5.999999 
0.000000 1.000000 0.000000 
0.800000 0.300000 
5.999999 0.000000 5.999999 
0.000000 1.000000 0.000000 
0.700000 0.300000 
5.999999 0.000000 3.000000 
0.000000 1.000000 0.000000 
0.700000 0.400000 
8.999999 0.000000 3.000000 
0.000000 1.000000 0.000000 
0.800000 0.400000 
8.999999 0.000000 5.999999 
0.000000 1.000000 0.000000 
0.800000 0.300000 
5.999999 0.000000 0.000000 
0.000000 1.000000 0.000000 
0.700000 0.500000 
8.999999 0.000000 3.000000 
0.000000 1.000000 0.000000 
0.800000 0.400000 
5.999999 0.000000 3.000000 
0.000000 1.000000 0.000000 
0.700000 0.400000 
5.999999 0.000000 0.000000 
0.000000 1.000000 0.000000 
0.700000 0.500000 
8.999999 0.000000 0.000000 
0.000000 1.000000 0.000000 
0.800000 0.500000 
8.999999 0.000000 3.000000 
0.000000 1.000000 0.000000 
0.800000 0.400000 
8.999999 0.000000 0.000000 
0.000000 1.000000 0.000000 
0.800000 0.500000 
12.000001 0.000000 3.000000 
0.000000 1.000000 0.000000 
0.900000 0.400000 
8.999999 0.000000 3.000000 
0.000000 1.000000 0.000000 
0.800000 0.400000 
8.999999 0.000000 0.000000 
0.000000 1.000000 0.000000 
0.800000 0.500000 
12.000001 0.000000 0.000000 
0.000000 1.000000 0.000000 
0.900000 0.500000 
12.000001 0.000000 3.000000 
0.000000 1.000000 0.000000 
0.900000 0.400000 
12.000001 0.000000 0.000000 
0.000000 1.000000 0.000000 
0.900000 0.500000 
14.999999 0.000000 3.000000 
0.000000 1.000000 0.000000 
1.000000 0.400000 
12.000001 0.000000 3.000000 
0.000000 1.000000 0.000000 
0.900000 0.400000 
12.000001 0.000000 0.000000 
0.000000 1.000000 0.000000 
0.900000 0.500000 
14.999999 0.000000 0.000000 
0.000000 1.000000 0.000000 
1.000000 0.500000 
14.999999 0.000000 3.000000 
0.000000 1.000000 0.000000 
1.000000 0.400000 
8.999999 0.000000 3.000000 
0.000000 1.000000 0.000000 
0.800000 0.400000 
12.000001 0.000000 5.999999 
0.000000 1.000000 0.000000 
0.900000 0.300000 
8.999999 0.000000 5.999999 
0.000000 1.000000 0.000000 
0.800000 0.300000 
8.999999 0.000000 3.000000 
0.000000 1.000000 0.000000 
0.800000 0.400000 
12.000001 0.000000 3.000000 
0.000000 1.000000 0.000000 
0.900000 0.400000 
12.000001 0.000000 5.999999 
0.000000 1.000000 0.000000 
0.900000 0.300000 
12.000001 0.000000 3.000000 
0.000000 1.000000 0.000000 
0.900000 0.400000 
14.999999 0.000000 5.999999 
0.000000 1.000000 0.000000 
1.000000 0.300000 
12.000001 0.000000 5.999999 
0.000000 1.000000 0.000000 
0.900000 0.300000 
12.000001 0.000000 3.000000 
0.000000 1.000000 0.000000 
0.900000 0.400000 
14.999999 0.000000 3.000000 
0.000000 1.000000 0.000000 
1.000000 0.400000 
14.999999 0.000000 5.999999 
0.000000 1.000000 0.000000 
1.000000 0.300000 
-5.999999 0.000000 5.999999 
0.000000 1.000000 0.000000 
0.300000 0.300000 
-3.000000 0.000000 5.999999 
0.000000 1.000000 0.000000 
0.400000 0.300000 
-3.000000 0.000000 8.999999 
0.000000 1.000000 0.000000 
0.400000 0.200000 
-3.000000 0.000000 5.999999 
0.000000 1.000000 0.000000 
0.400000 0.300000 
0.000000 0.000000 8.999999 
0.000000 1.000000 0.000000 
0.500000 0.200000 
-3.000000 0.000000 8.999999 
0.000000 1.000000 0.000000 
0.400000 0.200000 
-3.000000 0.000000 5.999999 
0.000000 1.000000 0.000000 
0.400000 0.300000 
0.000000 0.000000 5.999999 
0.000000 1.000000 0.000000 
0.500000 0.300000 
0.000000 0.000000 8.999999 
0.000000 1.000000 0.000000 
0.500000 0.200000 
0.000000 0.000000 5.999999 
0.000000 1.000000 0.000000 
0.500000 0.300000 
3.000000 0.000000 8.999999 
0.000000 1.000000 0.000000 
0.600000 0.200000 
0.000000 0.000000 8.999999 
0.000000 1.000000 0.000000 
0.500000 0.200000 
0.000000 0.000000 5.999999 
0.000000 1.000000 0.000000 
0.500000 0.300000 
3.000000 0.000000 5.999999 
0.000000 1.000000 0.000000 
0.600000 0.300000 
3.000000 0.000000 8.999999 
0.000000 1.000000 0.000000 
0.600000 0.200000 
3.000000 0.000000 5.999999 
0.000000 1.000000 0.000000 
0.600000 0.300000 
5.999999 0.000000 8.999999 
0.000000 1.000000 0.000000 
0.700000 0.200000 
3.000000 0.000000 8.999999 
0.000000 1.000000 0.000000 
0.600000 0.200000 
3.000000 0.000000 5.999999 
0.000000 1.000000 0.000000 
0.600000 0.300000 
5.999999 0.000000 5.999999 
0.000000 1.000000 0.000000 
0.700000 0.300000 
5.999999 0.000000 8.999999 
0.000000 1.000000 0.000000 
0.700000 0.200000 
5.999999 0.000000 5.999999 
0.000000 1.000000 0.000000 
0.700000 0.300000 
8.999999 0.000000 8.999999 
0.000000 1.000000 0.000000 
0.800000 0.200000 
5.999999 0.000000 8.999999 
0.000000 1.000000 0.000000 
0.700000 0.200000 
5.999999 0.000000 5.999999 
0.000000 1.000000 0.000000 
0.700000 0.300000 
8.999999 0.000000 5.999999 
0.000000 1.000000 0.000000 
0.800000 0.300000 
8.999999 0.000000 8.999999 
0.000000 1.000000 0.000000 
0.800000 0.200000 
8.999999 0.000000 5.999999 
0.000000 1.000000 0.000000 
0.800000 0.300000 
12.000001 0.000000 8.999999 
0.000000 1.000000 0.000000 
0.900000 0.200000 
8.999999 0.000000 8.999999 
0.000000 1.000000 0.000000 
0.800000 0.200000 
8.999999 0.000000 5.999999 
0.000000 1.000000 0.000000 
0.800000 0.300000 
12.000001 0.000000 5.999999 
0.000000 1.000000 0.000000 
0.900000 0.300000 
12.000001 0.000000 8.999999 
0.000000 1.000000 0.000000 
0.900000 0.200000 
12.000001 0.000000 5.999999 
0.000000 1.000000 0.000000 
0.900000 0.300000 
14.999999 0.000000 8.999999 
0.000000 1.000000 0.000000 
1.000000 0.200000 
12.000001 0.000000 8.999999 
0.000000 1.000000 0.000000 
0.900000 0.200000 
12.000001 0.000000 5.999999 
0.000000 1.000000 0.000000 
0.900000 0.300000 
14.999999 0.000000 5.999999 
0.000000 1.000000 0.000000 
1.000000 0.300000 
14.999999 0.000000 8.999999 
0.000000 1.000000 0.000000 
1.000000 0.200000 
-3.000000 0.000000 8.999999 
0.000000 1.000000 0.000000 
0.400000 0.200000 
0.000000 0.000000 8.999999 
0.000000 1.000000 0.000000 
0.500000 0.200000 
0.000000 0.000000 12.000001 
0.000000 1.000000 0.000000 
0.500000 0.100000 
-3.000000 0.000000 8.999999 
0.000000 1.000000 0.000000 
0.400000 0.200000 
0.000000 0.000000 12.000001 
0.000000 1.000000 0.000000 
0.500000 0.100000 
-3.000000 0.000000 12.000001 
0.000000 1.000000 0.000000 
0.400000 0.100000 
-5.999999 0.000000 8.999999 
0.000000 1.000000 0.000000 
0.300000 0.200000 
-3.000000 0.000000 8.999999 
0.000000 1.000000 0.000000 
0.400000 0.200000 
-3.000000 0.000000 12.000001 
0.000000 1.000000 0.000000 
0.400000 0.100000 
-5.999999 0.000000 5.999999 
0.000000 1.000000 0.000000 
0.300000 0.300000 
-3.000000 0.000000 8.999999 
0.000000 1.000000 0.000000 
0.400000 0.200000 
-5.999999 0.000000 8.999999 
0.000000 1.000000 0.000000 
0.300000 0.200000 
-8.999999 0.000000 5.999999 
0.000000 1.000000 0.000000 
0.200000 0.300000 
-5.999999 0.000000 5.999999 
0.000000 1.000000 0.000000 
0.300000 0.300000 
-5.999999 0.000000 8.999999 
0.000000 1.000000 0.000000 
0.300000 0.200000 
-8.999999 0.000000 5.999999 
0.000000 1.000000 0.000000 
0.200000 0.300000 
-5.999999 0.000000 8.999999 
0.000000 1.000000 0.000000 
0.300000 0.200000 
-8.999999 0.000000 8.999999 
0.000000 1.000000 0.000000 
0.200000 0.200000 
-11.999999 0.000000 5.999999 
0.000000 1.000000 0.000000 
0.100000 0.300000 
-8.999999 0.000000 5.999999 
0.000000 1.000000 0.000000 
0.200000 0.300000 
-8.999999 0.000000 8.999999 
0.000000 1.000000 0.000000 
0.200000 0.200000 
-11.999999 0.000000 5.999999 
0.000000 1.000000 0.000000 
0.100000 0.300000 
-8.999999 0.000000 8.999999 
0.000000 1.000000 0.000000 
0.200000 0.200000 
-11.999999 0.000000 8.999999 
0.000000 1.000000 0.000000 
0.100000 0.200000 
-14.999999 0.000000 5.999999 
0.000000 1.000000 0.000000 
0.000000 0.300000 
-11.999999 0.000000 5.999999 
0.000000 1.000000 0.000000 
0.100000 0.300000 
-11.999999 0.000000 8.999999 
0.000000 1.000000 0.000000 
0.100000 0.200000 
-14.999999 0.000000 5.999999 
0.000000 1.000000 0.000000 
0.000000 0.300000 
-11.999999 0.000000 8.999999 
0.000000 1.000000 0.000000 
0.100000 0.200000 
-14.999999 0.000000 8.999999 
0.000000 1.000000 0.000000 
0.000000 0.200000 
-14.999999 0.000000 8.999999 
0.000000 1.000000 0.000000 
0.000000 0.200000 
-11.999999 0.000000 8.999999 
0.000000 1.000000 0.000000 
0.100000 0.200000 
-11.999999 0.000000 12.000001 
0.000000 1.000000 0.000000 
0.100000 0.100000 
-14.999999 0.000000 8.999999 
0.000000 1.000000 0.000000 
0.000000 0.200000 
-11.999999 0.000000 12.000001 
0.000000 1.000000 0.000000 
0.100000 0.100000 
-14.999999 0.000000 12.000001 
0.000000 1.000000 0.000000 
0.000000 0.100000 
-11.999999 0.000000 8.999999 
0.000000 1.000000 0.000000 
0.100000 0.200000 
-8.999999 0.000000 12.000001 
0.000000 1.000000 0.000000 
0.200000 0.100000 
-11.999999 0.000000 12.000001 
0.000000 1.000000 0.000000 
0.100000 0.100000 
-11.999999 0.000000 8.999999 
0.000000 1.000000 0.000000 
0.100000 0.200000 
-8.999999 0.000000 8.999999 
0.000000 1.000000 0.000000 
0.200000 0.200000 
-8.999999 0.000000 12.000001 
0.000000 1.000000 0.000000 
0.200000 0.100000 
-8.999999 0.000000 8.999999 
0.000000 1.000000 0.000000 
0.200000 0.200000 
-5.999999 0.000000 12.000001 
0.000000 1.000000 0.000000 
0.300000 0.100000 
-8.999999 0.000000 12.000001 
0.000000 1.000000 0.000000 
0.200000 0.100000 
-8.999999 0.000000 8.999999 
0.000000 1.000000 0.000000 
0.200000 0.200000 
-5.999999 0.000000 8.999999 
0.000000 1.000000 0.000000 
0.300000 0.200000 
-5.999999 0.000000 12.000001 
0.000000 1.000000 0.000000 
0.300000 0.100000 
-5.999999 0.000000 8.999999 
0.000000 1.000000 0.000000 
0.300000 0.200000 
-3.000000 0.000000 12.000001 
0.000000 1.000000 0.000000 
0.400000 0.100000 
-5.999999 0.000000 12.000001 
0.000000 1.000000 0.000000 
0.300000 0.100000 
12.000001 0.000000 8.999999 
0.000000 1.000000 0.000000 
0.900000 0.200000 
14.999999 0.000000 8.999999 
0.000000 1.000000 0.000000 
1.000000 0.200000 
14.999999 0.000000 12.000001 
0.000000 1.000000 0.000000 
1.000000 0.100000 
-14.999999 0.000000 12.000001 
0.000000 1.000000 0.000000 
0.000000 0.100000 
-11.999999 0.000000 12.000001 
0.000000 1.000000 0.000000 
0.100000 0.100000 
-11.999999 0.000000 14.999999 
0.000000 1.000000 0.000000 
0.100000 0.000000 
-14.999999 0.000000 12.000001 
0.000000 1.000000 0.000000 
0.000000 0.100000 
-11.999999 0.000000 14.999999 
0.000000 1.000000 0.000000 
0.100000 0.000000 
-14.999999 0.000000 14.999999 
0.000000 1.000000 0.000000 
0.000000 0.000000 
-11.999999 0.000000 12.000001 
0.000000 1.000000 0.000000 
0.100000 0.100000 
-8.999999 0.000000 14.999999 
0.000000 1.000000 0.000000 
0.200000 0.000000 
-11.999999 0.000000 14.999999 
0.000000 1.000000 0.000000 
0.100000 0.000000 
-11.999999 0.000000 12.000001 
0.000000 1.000000 0.000000 
0.100000 0.100000 
-8.999999 0.000000 12.000001 
0.000000 1.000000 0.000000 
0.200000 0.100000 
-8.999999 0.000000 14.999999 
0.000000 1.000000 0.000000 
0.200000 0.000000 
-8.999999 0.000000 12.000001 
0.000000 1.000000 0.000000 
0.200000 0.100000 
-5.999999 0.000000 14.999999 
0.000000 1.000000 0.000000 
0.300000 0.000000 
-8.999999 0.000000 14.999999 
0.000000 1.000000 0.000000 
0.200000 0.000000 
-8.999999 0.000000 12.000001 
0.000000 1.000000 0.000000 
0.200000 0.100000 
-5.999999 0.000000 12.000001 
0.000000 1.000000 0.000000 
0.300000 0.100000 
-5.999999 0.000000 14.999999 
0.000000 1.000000 0.000000 
0.300000 0.000000 
-5.999999 0.000000 12.000001 
0.000000 1.000000 0.000000 
0.300000 0.100000 
-3.000000 0.000000 14.999999 
0.000000 1.000000 0.000000 
0.400000 0.000000 
-5.999999 0.000000 14.999999 
0.000000 1.000000 0.000000 
0.300000 0.000000 
-5.999999 0.000000 12.000001 
0.000000 1.000000 0.000000 
0.300000 0.100000 
-3.000000 0.000000 12.000001 
0.000000 1.000000 0.000000 
0.400000 0.100000 
-3.000000 0.000000 14.999999 
0.000000 1.000000 0.000000 
0.400000 0.000000 
-3.000000 0.000000 12.000001 
0.000000 1.000000 0.000000 
0.400000 0.100000 
0.000000 0.000000 14.999999 
0.000000 1.000000 0.000000 
0.500000 0.000000 
-3.000000 0.000000 14.999999 
0.000000 1.000000 0.000000 
0.400000 0.000000 
-3.000000 0.000000 12.000001 
0.000000 1.000000 0.000000 
0.400000 0.100000 
0.000000 0.000000 12.000001 
0.000000 1.000000 0.000000 
0.500000 0.100000 
0.000000 0.000000 14.999999 
0.000000 1.000000 0.000000 
0.500000 0.000000 
0.000000 0.000000 12.000001 
0.000000 1.000000 0.000000 
0.500000 0.100000 
3.000000 0.000000 14.999999 
0.000000 1.000000 0.000000 
0.600000 0.000000 
0.000000 0.000000 14.999999 
0.000000 1.000000 0.000000 
0.500000 0.000000 
0.000000 0.000000 12.000001 
0.000000 1.000000 0.000000 
0.500000 0.100000 
3.000000 0.000000 12.000001 
0.000000 1.000000 0.000000 
0.600000 0.100000 
3.000000 0.000000 14.999999 
0.000000 1.000000 0.000000 
0.600000 0.000000 
0.000000 0.000000 8.999999 
0.000000 1.000000 0.000000 
0.500000 0.200000 
3.000000 0.000000 12.000001 
0.000000 1.000000 0.000000 
0.600000 0.100000 
0.000000 0.000000 12.000001 
0.000000 1.000000 0.000000 
0.500000 0.100000 
0.000000 0.000000 8.999999 
0.000000 1.000000 0.000000 
0.500000 0.200000 
3.000000 0.000000 8.999999 
0.000000 1.000000 0.000000 
0.600000 0.200000 
3.000000 0.000000 12.000001 
0.000000 1.000000 0.000000 
0.600000 0.100000 
3.000000 0.000000 8.999999 
0.000000 1.000000 0.000000 
0.600000 0.200000 
5.999999 0.000000 12.000001 
0.000000 1.000000 0.000000 
0.700000 0.100000 
3.000000 0.000000 12.000001 
0.000000 1.000000 0.000000 
0.600000 0.100000 
3.000000 0.000000 8.999999 
0.000000 1.000000 0.000000 
0.600000 0.200000 
5.999999 0.000000 8.999999 
0.000000 1.000000 0.000000 
0.700000 0.200000 
5.999999 0.000000 12.000001 
0.000000 1.000000 0.000000 
0.700000 0.100000 
5.999999 0.000000 8.999999 
0.000000 1.000000 0.000000 
0.700000 0.200000 
8.999999 0.000000 12.000001 
0.000000 1.000000 0.000000 
0.800000 0.100000 
5.999999 0.000000 12.000001 
0.000000 1.000000 0.000000 
0.700000 0.100000 
5.999999 0.000000 8.999999 
0.000000 1.000000 0.000000 
0.700000 0.200000 
8.999999 0.000000 8.999999 
0.000000 1.000000 0.000000 
0.800000 0.200000 
8.999999 0.000000 12.000001 
0.000000 1.000000 0.000000 
0.800000 0.100000 
8.999999 0.000000 8.999999 
0.000000 1.000000 0.000000 
0.800000 0.200000 
12.000001 0.000000 12.000001 
0.000000 1.000000 0.000000 
0.900000 0.100000 
8.999999 0.000000 12.000001 
0.000000 1.000000 0.000000 
0.800000 0.100000 
8.999999 0.000000 8.999999 
0.000000 1.000000 0.000000 
0.800000 0.200000 
12.000001 0.000000 8.999999 
0.000000 1.000000 0.000000 
0.900000 0.200000 
12.000001 0.000000 12.000001 
0.000000 1.000000 0.000000 
0.900000 0.100000 
12.000001 0.000000 8.999999 
0.000000 1.000000 0.000000 
0.900000 0.200000 
14.999999 0.000000 12.000001 
0.000000 1.000000 0.000000 
1.000000 0.100000 
12.000001 0.000000 12.000001 
0.000000 1.000000 0.000000 
0.900000 0.100000 
3.000000 0.000000 12.000001 
0.000000 1.000000 0.000000 
0.600000 0.100000 
5.999999 0.000000 14.999999 
0.000000 1.000000 0.000000 
0.700000 0.000000 
3.000000 0.000000 14.999999 
0.000000 1.000000 0.000000 
0.600000 0.000000 
3.000000 0.000000 12.000001 
0.000000 1.000000 0.000000 
0.600000 0.100000 
5.999999 0.000000 12.000001 
0.000000 1.000000 0.000000 
0.700000 0.100000 
5.999999 0.000000 14.999999 
0.000000 1.000000 0.000000 
0.700000 0.000000 
5.999999 0.000000 12.000001 
0.000000 1.000000 0.000000 
0.700000 0.100000 
8.999999 0.000000 14.999999 
0.000000 1.000000 0.000000 
0.800000 0.000000 
5.999999 0.000000 14.999999 
0.000000 1.000000 0.000000 
0.700000 0.000000 
5.999999 0.000000 12.000001 
0.000000 1.000000 0.000000 
0.700000 0.100000 
8.999999 0.000000 12.000001 
0.000000 1.000000 0.000000 
0.800000 0.100000 
8.999999 0.000000 14.999999 
0.000000 1.000000 0.000000 
0.800000 0.000000 
8.999999 0.000000 12.000001 
0.000000 1.000000 0.000000 
0.800000 0.100000 
12.000001 0.000000 14.999999 
0.000000 1.000000 0.000000 
0.900000 0.000000 
8.999999 0.000000 14.999999 
0.000000 1.000000 0.000000 
0.800000 0.000000 
8.999999 0.000000 12.000001 
0.000000 1.000000 0.000000 
0.800000 0.100000 
12.000001 0.000000 12.000001 
0.000000 1.000000 0.000000 
0.900000 0.100000 
12.000001 0.000000 14.999999 
0.000000 1.000000 0.000000 
0.900000 0.000000 
12.000001 0.000000 12.000001 
0.000000 1.000000 0.000000 
0.900000 0.100000 
14.999999 0.000000 14.999999 
0.000000 1.000000 0.000000 
1.000000 0.000000 
12.000001 0.000000 14.999999 
0.000000 1.000000 0.000000 
0.900000 0.000000 
12.000001 0.000000 12.000001 
0.000000 1.000000 0.000000 
0.900000 0.100000 
14.999999 0.000000 12.000001 
0.000000 1.000000 0.000000 
1.000000 0.100000 
14.999999 0.000000 14.999999 
0.000000 1.000000 0.000000 
1.000000 0.000000 
0.000000 0.000000 -3.000000 
0.000000 1.000000 0.000000 
0.500000 0.600000 
3.000000 0.000000 -3.000000 
0.000000 1.000000 0.000000 
0.600000 0.600000 
3.000000 0.000000 0.000000 
0.000000 1.000000 0.000000 
0.600000 0.500000 
-11.503449 -1.500000 -11.233373 
0.000000 0.000000 -1.000000 
0.000000 1.000000 
0.303451 1.500000 -11.233373 
0.000000 0.000000 -1.000000 
1.000000 0.000000 
-11.503449 1.500000 -11.233373 
0.000000 0.000000 -1.000000 
0.000000 0.000000 
-11.503449 -1.500000 -11.233373 
0.000000 0.000000 -1.000000 
0.000000 1.000000 
0.303451 -1.500000 -11.233373 
0.000000 0.000000 -1.000000 
1.000000 1.000000 
0.303451 1.500000 -11.233373 
0.000000 0.000000 -1.000000 
1.000000 0.000000 
-11.503449 1.500000 -11.233373 
0.000000 1.000000 0.000000 
0.000000 1.000000 
0.303451 1.500000 1.633373 
0.000000 1.000000 0.000000 
1.000000 0.000000 
-11.503449 1.500000 1.633373 
0.000000 1.000000 0.000000 
0.000000 0.000000 
-11.503449 1.500000 -11.233373 
0.000000 1.000000 0.000000 
0.000000 1.000000 
0.303451 1.500000 -11.233373 
0.000000 1.000000 0.000000 
1.000000 1.000000 
0.303451 1.500000 1.633373 
0.000000 1.000000 0.000000 
1.000000 0.000000 
-11.503449 1.500000 1.633373 
0.000000 0.000000 1.000000 
0.000000 1.000000 
0.303451 -1.500000 1.633373 
0.000000 0.000000 1.000000 
1.000000 0.000000 
-11.503449 -1.500000 1.633373 
0.000000 0.000000 1.000000 
0.000000 0.000000 
-11.503449 1.500000 1.633373 
0.000000 0.000000 1.000000 
0.000000 1.000000 
0.303451 1.500000 1.633373 
0.000000 0.000000 1.000000 
1.000000 1.000000 
0.303451 -1.500000 1.633373 
0.000000 0.000000 1.000000 
1.000000 0.000000 
-11.503449 -1.500000 1.633373 
0.000000 -1.000000 0.000000 
0.000000 1.000000 
0.303451 -1.500000 -11.233373 
0.000000 -1.000000 0.000000 
1.000000 0.000000 
-11.503449 -1.500000 -11.233373 
0.000000 -1.000000 0.000000 
0.000000 0.000000 
-11.503449 -1.500000 1.633373 
0.000000 -1.000000 0.000000 
0.000000 1.000000 
0.303451 -1.500000 1.633373 
0.000000 -1.000000 0.000000 
1.000000 1.000000 
0.303451 -1.500000 -11.233373 
0.000000 -1.000000 0.000000 
1.000000 0.000000 
0.303451 -1.500000 -11.233373 
1.000000 0.000000 0.000000 
0.000000 1.000000 
0.303451 1.500000 1.633373 
1.000000 0.000000 0.000000 
1.000000 0.000000 
0.303451 1.500000 -11.233373 
1.000000 0.000000 0.000000 
0.000000 0.000000 
0.303451 -1.500000 -11.233373 
1.000000 0.000000 0.000000 
0.000000 1.000000 
0.303451 -1.500000 1.633373 
1.000000 0.000000 0.000000 
1.000000 1.000000 
0.303451 1.500000 1.633373 
1.000000 0.000000 0.000000 
1.000000 0.000000 
-11.503449 -1.500000 1.633373 
-1.000000 0.000000 0.000000 
0.000000 1.000000 
-11.503449 1.500000 -11.233373 
-1.000000 0.000000 0.000000 
1.000000 0.000000 
-11.503449 1.500000 1.633373 
-1.000000 0.000000 0.000000 
0.000000 0.000000 
-11.503449 -1.500000 1.633373 
-1.000000 0.000000 0.000000 
0.000000 1.000000 
-11.503449 -1.500000 -11.233373 
-1.000000 0.000000 0.000000 
1.000000 1.000000 
-11.503449 1.500000 -11.233373 
-1.000000 0.000000 0.000000 
1.000000 0.000000 
4.055533 -0.387949 1.449702 
0.000000 0.000000 -1.000000 
0.000000 1.000000 
9.884471 0.867949 1.449702 
0.000000 0.000000 -1.000000 
1.000000 0.000000 
4.055533 0.867949 1.449702 
0.000000 0.000000 -1.000000 
0.000000 0.000000 
4.055533 -0.387949 1.449702 
0.000000 0.000000 -1.000000 
0.000000 1.000000 
9.884471 -0.387949 1.449702 
0.000000 0.000000 -1.000000 
1.000000 1.000000 
9.884471 0.867949 1.449702 
0.000000 0.000000 -1.000000 
1.000000 0.000000 
4.055533 0.867949 1.449702 
0.000000 1.000000 0.000000 
0.000000 1.000000 
9.884471 0.867949 7.950303 
0.000000 1.000000 0.000000 
1.000000 0.000000 
4.055533 0.867949 7.950303 
0.000000 1.000000 0.000000 
0.000000 0.000000 
4.055533 0.867949 1.449702 
0.000000 1.000000 0.000000 
0.000000 1.000000 
9.884471 0.867949 1.449702 
0.000000 1.000000 0.000000 
1.000000 1.000000 
9.884471 0.867949 7.950303 
0.000000 1.000000 0.000000 
1.000000 0.000000 
4.055533 0.867949 7.950303 
0.000000 0.000000 1.000000 
0.000000 1.000000 
9.884471 -0.387949 7.950303 
0.000000 0.000000 1.000000 
1.000000 0.000000 
4.055533 -0.387949 7.950303 
0.000000 0.000000 1.000000 
0.000000 0.000000 
4.055533 0.867949 7.950303 
0.000000 0.000000 1.000000 
0.000000 1.000000 
9.884471 0.867949 7.950303 
0.000000 0.000000 1.000000 
1.000000 1.000000 
9.884471 -0.387949 7.950303 
0.000000 0.000000 1.000000 
1.000000 0.000000 
4.055533 -0.387949 7.950303 
0.000000 -1.000000 0.000000 
0.000000 1.000000 
9.884471 -0.387949 1.449702 
0.000000 -1.000000 0.000000 
1.000000 0.000000 
4.055533 -0.387949 1.449702 
0.000000 -1.000000 0.000000 
0.000000 0.000000 
4.055533 -0.387949 7.950303 
0.000000 -1.000000 0.000000 
0.000000 1.000000 
9.884471 -0.387949 7.950303 
0.000000 -1.000000 0.000000 
1.000000 1.000000 
9.884471 -0.387949 1.449702 
0.000000 -1.000000 0.000000 
1.000000 0.000000 
9.884471 -0.387949 1.449702 
1.000000 0.000000 0.000000 
0.000000 1.000000 
9.884471 0.867949 7.950303 
1.000000 0.000000 0.000000 
1.000000 0.000000 
9.884471 0.867949 1.449702 
1.000000 0.000000 0.000000 
0.000000 0.000000 
9.884471 -0.387949 1.449702 
1.000000 0.000000 0.000000 
0.000000 1.000000 
9.884471 -0.387949 7.950303 
1.000000 0.000000 0.000000 
1.000000 1.000000 
9.884471 0.867949 7.950303 
1.000000 0.000000 0.000000 
1.000000 0.000000 
4.055533 -0.387949 7.950303 
-1.000000 0.000000 0.000000 
0.000000 1.000000 
4.055533 0.867949 1.449702 
-1.000000 0.000000 0.000000 
1.000000 0.000000 
4.055533 0.867949 7.950303 
-1.000000 0.000000 0.000000 
0.000000 0.000000 
4.055533 -0.387949 7.950303 
-1.000000 0.000000 0.000000 
0.000000 1.000000 
4.055533 -0.387949 1.449702 
-1.000000 0.000000 0.000000 
1.000000 1.000000 
4.055533 0.867949 1.449702 
-1.000000 0.000000 0.000000 
1.000000 0.000000 
-8.769401 1.600000 -8.058349 
0.000000 0.000000 -1.000000 
0.000000 1.000000 
-5.070600 2.599999 -8.058349 
0.000000 0.000000 -1.000000 
1.000000 0.000000 
-8.769401 2.599999 -8.058349 
0.000000 0.000000 -1.000000 
0.000000 0.000000 
-8.769401 1.600000 -8.058349 
0.000000 0.000000 -1.000000 
0.000000 1.000000 
-5.070600 1.600000 -8.058349 
0.000000 0.000000 -1.000000 
1.000000 1.000000 
-5.070600 2.599999 -8.058349 
0.000000 0.000000 -1.000000 
1.000000 0.000000 
-8.769401 2.599999 -8.058349 
0.000000 1.000000 0.000000 
0.000000 1.000000 
-5.070600 2.599999 -5.141651 
0.000000 1.000000 0.000000 
1.000000 0.000000 
-8.769401 2.599999 -5.141651 
0.000000 1.000000 0.000000 
0.000000 0.000000 
-8.769401 2.599999 -8.058349 
0.000000 1.000000 0.000000 
0.000000 1.000000 
-5.070600 2.599999 -8.058349 
0.000000 1.000000 0.000000 
1.000000 1.000000 
-5.070600 2.599999 -5.141651 
0.000000 1.000000 0.000000 
1.000000 0.000000 
-8.769401 2.599999 -5.141651 
0.000000 0.000000 1.000000 
0.000000 1.000000 
-5.070600 1.600000 -5.141651 
0.000000 0.000000 1.000000 
1.000000 0.000000 
-8.769401 1.600000 -5.141651 
0.000000 0.000000 1.000000 
0.000000 0.000000 
-8.769401 2.599999 -5.141651 
0.000000 0.000000 1.000000 
0.000000 1.000000 
-5.070600 2.599999 -5.141651 
0.000000 0.000000 1.000000 
1.000000 1.000000 
-5.070600 1.600000 -5.141651 
0.000000 0.000000 1.000000 
1.000000 0.000000 
-8.769401 1.600000 -5.141651 
0.000000 -1.000000 0.000000 
0.000000 1.000000 
-5.070600 1.600000 -8.058349 
0.000000 -1.000000 0.000000 
1.000000 0.000000 
-8.769401 1.600000 -8.058349 
0.000000 -1.000000 0.000000 
0.000000 0.000000 
-8.769401 1.600000 -5.141651 
0.000000 -1.000000 0.000000 
0.000000 1.000000 
-5.070600 1.600000 -5.141651 
0.000000 -1.000000 0.000000 
1.000000 1.000000 
-5.070600 1.600000 -8.058349 
0.000000 -1.000000 0.000000 
1.000000 0.000000 
-5.070600 1.600000 -8.058349 
1.000000 0.000000 0.000000 
0.000000 1.000000 
-5.070600 2.599999 -5.141651 
1.000000 0.000000 0.000000 
1.000000 0.000000 
-5.070600 2.599999 -8.058349 
1.000000 0.000000 0.000000 
0.000000 0.000000 
-5.070600 1.600000 -8.058349 
1.000000 0.000000 0.000000 
0.000000 1.000000 
-5.070600 1.600000 -5.141651 
1.000000 0.000000 0.000000 
1.000000 1.000000 
-5.070600 2.599999 -5.141651 
1.000000 0.000000 0.000000 
1.000000 0.000000 
-8.769401 1.600000 -5.141651 
-1.000000 0.000000 0.000000 
0.000000 1.000000 
-8.769401 2.599999 -8.058349 
-1.000000 0.000000 0.000000 
1.000000 0.000000 
-8.769401 2.599999 -5.141651 
-1.000000 0.000000 0.000000 
0.000000 0.000000 
-8.769401 1.600000 -5.141651 
-1.000000 0.000000 0.000000 
0.000000 1.000000 
-8.769401 1.600000 -8.058349 
-1.000000 0.000000 0.000000 
1.000000 1.000000 
-8.769401 2.599999 -8.058349 
-1.000000 0.000000 0.000000 
1.000000 0.000000 
708
2
1
0
5
4
3
8
7
6
11
10
9
14
13
12
17
16
15
20
19
18
23
22
21
26
25
24
29
28
27
32
31
30
35
34
33
38
37
36
41
40
39
44
43
42
47
46
45
50
49
48
53
52
51
56
55
54
59
58
57
62
61
60
65
64
63
68
67
66
71
70
69
74
73
72
77
76
75
80
79
78
83
82
81
86
85
84
89
88
87
92
91
90
95
94
93
98
97
96
101
100
99
104
103
102
107
106
105
110
109
108
113
112
111
116
115
114
119
118
117
122
121
120
125
124
123
128
127
126
131
130
129
134
133
132
137
136
135
140
139
138
143
142
141
146
145
144
149
148
147
152
151
150
155
154
153
158
157
156
161
160
159
164
163
162
167
166
165
170
169
168
173
172
171
176
175
174
179
178
177
182
181
180
185
184
183
188
187
186
191
190
189
194
193
192
197
196
195
200
199
198
203
202
201
206
205
204
209
208
207
212
211
210
215
214
213
218
217
216
221
220
219
224
223
222
227
226
225
230
229
228
233
232
231
236
235
234
239
238
237
242
241
240
245
244
243
248
247
246
251
250
249
254
253
252
257
256
255
260
259
258
263
262
261
266
265
264
269
268
267
272
271
270
275
274
273
278
277
276
281
280
279
284
283
282
287
286
285
290
289
288
293
292
291
296
295
294
299
298
297
302
301
300
305
304
303
308
307
306
311
310
309
314
313
312
317
316
315
320
319
318
323
322
321
326
325
324
329
328
327
332
331
330
335
334
333
338
337
336
341
340
339
344
343
342
347
346
345
350
349
348
353
352
351
356
355
354
359
358
357
362
361
360
365
364
363
368
367
366
371
370
369
374
373
372
377
376
375
380
379
378
383
382
381
386
385
384
389
388
387
392
391
390
395
394
393
398
397
396
401
400
399
404
403
402
407
406
405
410
409
408
413
412
411
416
415
414
419
418
417
422
421
420
425
424
423
428
427
426
431
430
429
434
433
432
437
436
435
440
439
438
443
442
441
446
445
444
449
448
447
452
451
450
455
454
453
458
457
456
461
460
459
464
463
462
467
466
465
470
469
468
473
472
471
476
475
474
479
478
477
482
481
480
485
484
483
488
487
486
491
490
489
494
493
492
497
496
495
500
499
498
503
502
501
506
505
504
509
508
507
512
511
510
515
514
513
518
517
516
521
520
519
524
523
522
527
526
525
530
529
528
533
532
531
536
535
534
539
538
537
542
541
540
545
544
543
548
547
546
551
550
549
554
553
552
557
556
555
560
559
558
563
562
561
566
565
564
569
568
567
572
571
570
575
574
573
578
577
576
581
580
579
584
583
582
587
586
585
590
589
588
593
592
591
596
595
594
599
598
597
602
601
600
605
604
603
608
607
606
611
610
609
614
613
612
617
616
615
620
619
618
623
622
621
626
625
624
629
628
627
632
631
630
635
634
633
638
637
636
641
640
639
644
643
642
647
646
645
650
649
648
653
652
651
656
655
654
659
658
657
662
661
660
665
664
663
668
667
666
671
670
669
674
673
672
677
676
675
680
679
678
683
682
681
686
685
684
689
688
687
692
691
690
695
694
693
698
697
696
701
700
699
704
703
702
707
706
705
4
1.000000 
0.155393 0.339623 0.225825 
0.500000 0.500000 0.500000 
94.117645 
0.000000 0.000000 0.000000 
0.000000 0.000000 0.000000 
none 
1.000000 
0.445348 0.671698 0.339017 
0.500000 0.500000 0.500000 
94.117645 
0.000000 0.000000 0.000000 
0.000000 0.000000 0.000000 
none 
1.000000 
0.559890 0.769811 0.374012 
0.500000 0.500000 0.500000 
94.117645 
0.000000 0.000000 0.000000 
0.000000 0.000000 0.000000 
none 
1.000000 
0.559890 0.769811 0.374012 
0.500000 0.500000 0.500000 
94.117645 
0.000000 0.000000 0.000000 
0.000000 0.000000 0.000000 
none 
4
0 
600 
0 
200 
0 
600 
1 
36 
200 
12 
600 
36 
2 
36 
212 
12 
636 
36 
3 
36 
224 
12 
672 
36 
