24
1.000000 -1.000000 -0.980000 
0.000000 0.000000 -1.000000 
0.000000 0.000000 
1.000000 1.000000 -0.980000 
0.000000 0.000000 -1.000000 
0.000000 0.000000 
-1.000000 -1.000000 -0.980000 
0.000000 0.000000 -1.000000 
0.000000 0.000000 
-1.000000 1.000000 -0.980000 
0.000000 0.000000 -1.000000 
0.000000 0.000000 
1.000000 -1.000000 -0.960000 
0.000000 0.000000 1.000000 
0.000000 0.000000 
1.000000 1.000000 -0.960000 
0.000000 0.000000 1.000000 
0.000000 0.000000 
-1.000000 -1.000000 -0.960000 
-1.000000 0.000000 0.000000 
0.000000 0.000000 
-1.000000 1.000000 -0.960000 
-1.000000 0.000000 0.000000 
0.000000 0.000000 
-1.000000 1.000000 -0.980000 
-1.000000 0.000000 0.000000 
0.000000 0.000000 
-1.000000 -1.000000 -0.980000 
-1.000000 0.000000 0.000000 
0.000000 0.000000 
-1.000000 1.000000 -0.960000 
0.000000 0.000000 1.000000 
0.000000 0.000000 
-1.000000 -1.000000 -0.960000 
0.000000 0.000000 1.000000 
0.000000 0.000000 
1.000000 -1.000000 -0.980000 
1.000000 0.000000 0.000000 
0.000000 0.000000 
1.000000 1.000000 -0.980000 
1.000000 0.000000 0.000000 
0.000000 0.000000 
1.000000 1.000000 -0.960000 
1.000000 0.000000 0.000000 
0.000000 0.000000 
1.000000 -1.000000 -0.960000 
1.000000 0.000000 0.000000 
0.000000 0.000000 
1.000000 -1.000000 -0.980000 
0.000000 -1.000000 0.000000 
0.000000 0.000000 
1.000000 -1.000000 -0.960000 
0.000000 -1.000000 0.000000 
0.000000 0.000000 
-1.000000 -1.000000 -0.960000 
0.000000 -1.000000 0.000000 
0.000000 0.000000 
-1.000000 -1.000000 -0.980000 
0.000000 -1.000000 0.000000 
0.000000 0.000000 
1.000000 1.000000 -0.960000 
0.000000 1.000000 0.000000 
0.000000 0.000000 
1.000000 1.000000 -0.980000 
0.000000 1.000000 0.000000 
0.000000 0.000000 
-1.000000 1.000000 -0.980000 
0.000000 1.000000 0.000000 
0.000000 0.000000 
-1.000000 1.000000 -0.960000 
0.000000 1.000000 0.000000 
0.000000 0.000000 
36
2
3
1
2
1
0
6
7
8
6
8
9
4
5
10
4
10
11
12
13
14
12
14
15
16
17
18
16
18
19
20
21
22
20
22
23
1
1.000000 
0.640000 0.640000 0.640000 
0.500000 0.500000 0.500000 
96.078430 
0.000000 0.000000 0.000000 
0.000000 0.000000 0.000000 
assets/sky_x1.tga 
1
0 
36 
0 
12 
0 
24 
